{"config": {"input_dim": 784, "num_classes": 10, "depth": 4, "width": 128, "init_scale": 1.0, "nonlinearity": "relu"}, "dataset": "mnist", "seed": 0, "epochs": 2, "shuffle_labels": false, "test_accuracy": 0.9716, "history": {"train_loss": [0.4287081171223458, 0.1522750935497436], "val_acc": [0.963, 0.9716], "param_delta_ratio": 0.6449836012067327, "n_params": 151306}, "trained": {"cka": [[1.0, 0.9410621523857117, 0.8789453506469727, 0.810820996761322], [0.9410621523857117, 1.0, 0.9734631180763245, 0.9173300862312317], [0.8789453506469727, 0.9734631180763245, 1.0, 0.9731060266494751], [0.810820996761322, 0.9173300862312317, 0.9731060266494751, 1.0]], "cosine": [[1.0, 0.015957307070493698, 0.01568460278213024, -0.026043761521577835], [0.015957307070493698, 1.0, 0.046814851462841034, -0.0010581070091575384], [0.01568460278213024, 0.046814851462841034, 1.0, 0.02179877460002899], [-0.026043761521577835, -0.0010581070091575384, 0.02179877460002899, 1.0]], "procrustes": [[1.0, 0.9449365139007568, 0.8899312615394592, 0.8434866666793823], [0.9449365139007568, 1.0, 0.9707940816879272, 0.9363789558410645], [0.8899312615394592, 0.9707940816879272, 1.0, 0.9796552062034607], [0.8434866666793823, 0.9363789558410645, 0.9796552062034607, 1.0]], "pc1_variance": [0.19878865778446198, 0.23461757600307465, 0.24367941915988922, 0.24208246171474457], "probe_accuracy_per_layer": [0.9285, 0.94, 0.9415, 0.937]}, "init": {"cka": [[1.0, 0.825977087020874, 0.7159063220024109, 0.6328449249267578], [0.825977087020874, 1.0, 0.8677642345428467, 0.7525801658630371], [0.7159063220024109, 0.8677642345428467, 1.0, 0.88004070520401], [0.6328449249267578, 0.7525801658630371, 0.88004070520401, 1.0]], "cosine": [[1.0, 0.030052678659558296, -0.004316897131502628, -0.010585414245724678], [0.030052678659558296, 1.0, 0.04319196566939354, 0.030496520921587944], [-0.004316897131502628, 0.04319196566939354, 1.0, 0.008418531157076359], [-0.010585414245724678, 0.030496520921587944, 0.008418531157076359, 1.0]], "procrustes": [[1.0, 0.8378061056137085, 0.7503370046615601, 0.6950908303260803], [0.8378061056137085, 1.0, 0.8795350790023804, 0.806227445602417], [0.7503370046615601, 0.8795350790023804, 1.0, 0.9069269299507141], [0.6950908303260803, 0.806227445602417, 0.9069269299507141, 1.0]], "pc1_variance": [0.10567978024482727, 0.14006507396697998, 0.1453234851360321, 0.13911190629005432], "probe_accuracy_per_layer": null}, "cka_trained_vs_init_per_layer": [0.7128269672393799, 0.48762837052345276, 0.37252160906791687, 0.3198709785938263], "runtime_sec": 13.7983238697052}