{"config": {"input_dim": 3072, "num_classes": 10, "depth": 4, "width": 512, "init_scale": 1.0, "nonlinearity": "relu"}, "dataset": "cifar10", "seed": 2, "epochs": 15, "shuffle_labels": false, "test_accuracy": 0.5576, "history": {"train_loss": [1.709512740981822, 1.456944193158831, 1.319195304598127, 1.2058256876711944, 1.103866658648666, 0.9797403386660984, 0.8638255638735635, 0.729027617342618, 0.5963557240914326, 0.46142575114357226, 0.3446963189207778, 0.24515669990559014, 0.17900945261424903, 0.1419499619882934, 0.12532649409710145], "val_acc": [0.4514, 0.4878, 0.513, 0.5252, 0.5352, 0.527, 0.5314, 0.533, 0.5432, 0.5406, 0.5512, 0.5534, 0.5528, 0.5544, 0.5576], "param_delta_ratio": 1.5444795075326239, "n_params": 2366474}, "trained": {"cka": [[1.0, 0.7626236081123352, 0.40792059898376465, 0.20722515881061554], [0.7626236081123352, 1.0, 0.7109055519104004, 0.46376875042915344], [0.40792059898376465, 0.7109055519104004, 1.0, 0.9062008857727051], [0.20722515881061554, 0.46376875042915344, 0.9062008857727051, 1.0]], "cosine": [[1.0, 0.023064909502863884, 0.023333434015512466, 0.021730555221438408], [0.023064909502863884, 1.0, 0.018553322181105614, 0.0398508720099926], [0.023333434015512466, 0.018553322181105614, 1.0, 0.04997057095170021], [0.021730555221438408, 0.0398508720099926, 0.04997057095170021, 1.0]], "procrustes": [[1.0, 0.7727603316307068, 0.634699285030365, 0.44327086210250854], [0.7727603316307068, 1.0, 0.7978378534317017, 0.5726525187492371], [0.634699285030365, 0.7978378534317017, 1.0, 0.8186870217323303], [0.44327086210250854, 0.5726525187492371, 0.8186870217323303, 1.0]], "pc1_variance": [0.09912440180778503, 0.06081753224134445, 0.14285066723823547, 0.3446893095970154], "probe_accuracy_per_layer": [0.40050002932548523, 0.46550002694129944, 0.4520000219345093, 0.4935000240802765]}, "init": {"cka": [[1.0, 0.9602048993110657, 0.8792595267295837, 0.8027399778366089], [0.9602048993110657, 1.0, 0.9507619738578796, 0.8918796181678772], [0.8792595267295837, 0.9507619738578796, 1.0, 0.9589655995368958], [0.8027399778366089, 0.8918796181678772, 0.9589655995368958, 1.0]], "cosine": [[1.0, 0.06160851940512657, 0.044233713299036026, 0.027304427698254585], [0.06160851940512657, 1.0, 0.038068562746047974, 0.03631782904267311], [0.044233713299036026, 0.038068562746047974, 1.0, 0.0439528226852417], [0.027304427698254585, 0.03631782904267311, 0.0439528226852417, 1.0]], "procrustes": [[1.0, 0.8851571679115295, 0.8104082345962524, 0.753349244594574], [0.8851571679115295, 1.0, 0.8945993185043335, 0.8222965002059937], [0.8104082345962524, 0.8945993185043335, 1.0, 0.8979814052581787], [0.753349244594574, 0.8222965002059937, 0.8979814052581787, 1.0]], "pc1_variance": [0.22584432363510132, 0.2018376588821411, 0.17024751007556915, 0.17350520193576813], "probe_accuracy_per_layer": null}, "cka_trained_vs_init_per_layer": [0.6168593764305115, 0.408297598361969, 0.24693907797336578, 0.148250013589859], "runtime_sec": 8.213635206222534}