{"config": {"input_dim": 3072, "num_classes": 10, "depth": 16, "width": 128, "init_scale": 1.0, "nonlinearity": "relu"}, "dataset": "cifar10", "seed": 0, "epochs": 15, "shuffle_labels": false, "test_accuracy": 0.4496, "history": {"train_loss": [2.1390321789955604, 1.9816129426566922, 1.9244239245142256, 1.8626724335612084, 1.7856645547613805, 1.6232215105270853, 1.5277042206452818, 1.4624943368288936, 1.3890680415289742, 1.3280847936260456, 1.2716275769837049, 1.2236531461988176, 1.1872079591361844, 1.1586581249626315, 1.1439314715716304], "val_acc": [0.184, 0.1924, 0.2044, 0.276, 0.3484, 0.384, 0.4002, 0.4146, 0.429, 0.4356, 0.4478, 0.4504, 0.4486, 0.4486, 0.4496], "param_delta_ratio": 0.9071434262565536, "n_params": 642314}, "trained": {"cka": [[1.0, 0.7907143831253052, 0.47730469703674316, 0.2725940942764282, 0.18159592151641846, 0.12103091180324554, 0.10091473907232285, 0.09630893170833588, 0.0966632068157196, 0.09940534085035324, 0.10917484015226364, 0.11656839400529861, 0.13520343601703644, 0.16050639748573303, 0.18751762807369232, 0.20946508646011353], [0.7907143831253052, 1.0, 0.7626585364341736, 0.5331157445907593, 0.4087013900279999, 0.3084070682525635, 0.26939326524734497, 0.25954699516296387, 0.259467750787735, 0.26425260305404663, 0.281695157289505, 0.28914523124694824, 0.3205088675022125, 0.3585258722305298, 0.4010455310344696, 0.4405306875705719], [0.47730469703674316, 0.7626585364341736, 1.0, 0.9031758308410645, 0.7627000212669373, 0.6175484657287598, 0.5535688996315002, 0.5368644595146179, 0.5350696444511414, 0.5416629314422607, 0.5667097568511963, 0.5694980025291443, 0.6084563732147217, 0.6447094678878784, 0.6827978491783142, 0.7243003845214844], [0.2725940942764282, 0.5331157445907593, 0.9031758308410645, 1.0, 0.9356531500816345, 0.8198136687278748, 0.7630382180213928, 0.7475740313529968, 0.7468383312225342, 0.7541443109512329, 0.7775245904922485, 0.7792797684669495, 0.8076832294464111, 0.8244548439979553, 0.8354941010475159, 0.8400949835777283], [0.18159592151641846, 0.4087013900279999, 0.7627000212669373, 0.9356531500816345, 1.0, 0.9649134278297424, 0.9336085319519043, 0.9236872792243958, 0.9233999848365784, 0.9280024766921997, 0.9424522519111633, 0.9388468861579895, 0.9482723474502563, 0.9408352375030518, 0.9275076389312744, 0.900576651096344], [0.12103091180324554, 0.3084070682525635, 0.6175484657287598, 0.8198136687278748, 0.9649134278297424, 1.0, 0.9940074682235718, 0.9902556538581848, 0.9896300435066223, 0.9907932281494141, 0.9931085705757141, 0.9832430481910706, 0.9731017351150513, 0.9459182620048523, 0.9158793687820435, 0.8687852025032043], [0.10091473907232285, 0.26939326524734497, 0.5535688996315002, 0.7630382180213928, 0.9336085319519043, 0.9940074682235718, 1.0, 0.9994824528694153, 0.9991688132286072, 0.9988928437232971, 0.9954475164413452, 0.9850224852561951, 0.9667556881904602, 0.9341933131217957, 0.897672712802887, 0.8375017642974854], [0.09630893170833588, 0.25954699516296387, 0.5368644595146179, 0.7475740313529968, 0.9236872792243958, 0.9902556538581848, 0.9994824528694153, 1.0, 0.9998142719268799, 0.9991666078567505, 0.9940087795257568, 0.9836897253990173, 0.9634397029876709, 0.930368959903717, 0.8924100995063782, 0.8281315565109253], [0.0966632068157196, 0.259467750787735, 0.5350696444511414, 0.7468383312225342, 0.9233999848365784, 0.9896300435066223, 0.9991688132286072, 0.9998142719268799, 1.0, 0.9996644854545593, 0.995120108127594, 0.9861823320388794, 0.9665611386299133, 0.9340800642967224, 0.8950796127319336, 0.8273487091064453], [0.09940534085035324, 0.26425260305404663, 0.5416629314422607, 0.7541443109512329, 0.9280024766921997, 0.9907932281494141, 0.9988928437232971, 0.9991666078567505, 0.9996644854545593, 1.0, 0.9970812201499939, 0.9896773099899292, 0.9717856645584106, 0.9401188492774963, 0.9007006883621216, 0.83124840259552], [0.10917484015226364, 0.281695157289505, 0.5667097568511963, 0.7775245904922485, 0.9424522519111633, 0.9931085705757141, 0.9954475164413452, 0.9940087795257568, 0.995120108127594, 0.9970812201499939, 1.0, 0.9964194297790527, 0.9850797057151794, 0.9557281136512756, 0.9160159826278687, 0.8458706736564636], [0.11656839400529861, 0.28914523124694824, 0.5694980025291443, 0.7792797684669495, 0.9388468861579895, 0.9832430481910706, 0.9850224852561951, 0.9836897253990173, 0.9861823320388794, 0.9896773099899292, 0.9964194297790527, 1.0, 0.9941452741622925, 0.9704689979553223, 0.928847074508667, 0.8446853160858154], [0.13520343601703644, 0.3205088675022125, 0.6084563732147217, 0.8076832294464111, 0.9482723474502563, 0.9731017351150513, 0.9667556881904602, 0.9634397029876709, 0.9665611386299133, 0.9717856645584106, 0.9850797057151794, 0.9941452741622925, 1.0, 0.9880756139755249, 0.9534258246421814, 0.8694095015525818], [0.16050639748573303, 0.3585258722305298, 0.6447094678878784, 0.8244548439979553, 0.9408352375030518, 0.9459182620048523, 0.9341933131217957, 0.930368959903717, 0.9340800642967224, 0.9401188492774963, 0.9557281136512756, 0.9704689979553223, 0.9880756139755249, 1.0, 0.9841747879981995, 0.9018215537071228], [0.18751762807369232, 0.4010455310344696, 0.6827978491783142, 0.8354941010475159, 0.9275076389312744, 0.9158793687820435, 0.897672712802887, 0.8924100995063782, 0.8950796127319336, 0.9007006883621216, 0.9160159826278687, 0.928847074508667, 0.9534258246421814, 0.9841747879981995, 1.0, 0.9541178345680237], [0.20946508646011353, 0.4405306875705719, 0.7243003845214844, 0.8400949835777283, 0.900576651096344, 0.8687852025032043, 0.8375017642974854, 0.8281315565109253, 0.8273487091064453, 0.83124840259552, 0.8458706736564636, 0.8446853160858154, 0.8694095015525818, 0.9018215537071228, 0.9541178345680237, 1.0]], "cosine": [[1.0, 0.03437972813844681, 0.01715591363608837, 0.031807731837034225, 0.01482755970209837, 0.017863070592284203, 0.02553873136639595, 0.03963550180196762, 0.061253342777490616, 0.01827956736087799, 0.01959063857793808, 0.010558663867413998, -0.006995165720582008, 0.029325004667043686, 0.04677882045507431, 0.006412687711417675], [0.03437972813844681, 1.0, 0.07618948817253113, 0.0832534208893776, 0.06320198625326157, 0.05482346564531326, 0.06425081938505173, 0.06068010628223419, 0.041982006281614304, 0.040795281529426575, 0.044290442019701004, 0.04663173481822014, 0.027796447277069092, 0.031095147132873535, 0.02473391219973564, 0.006622865330427885], [0.01715591363608837, 0.07618948817253113, 1.0, 0.13072296977043152, 0.09880006313323975, 0.08818802237510681, 0.12879323959350586, 0.07514570653438568, 0.10237955302000046, 0.1665838658809662, 0.08639060705900192, 0.053115978837013245, 0.1118130087852478, 0.02824489027261734, 0.026278173550963402, 0.05690537393093109], [0.031807731837034225, 0.0832534208893776, 0.13072296977043152, 1.0, 0.1149260625243187, 0.1545722931623459, 0.2609049081802368, 0.20372159779071808, 0.13118630647659302, 0.13234026730060577, 0.1496577262878418, 0.09649980068206787, 0.07975888252258301, 0.07397553324699402, 0.1053035631775856, 0.018579958006739616], [0.01482755970209837, 0.06320198625326157, 0.09880006313323975, 0.1149260625243187, 1.0, 0.23942968249320984, 0.15596123039722443, 0.24612435698509216, 0.27194666862487793, 0.20230481028556824, 0.17482426762580872, 0.11101886630058289, 0.18553943932056427, 0.10375126451253891, 0.1670028567314148, 0.009068266488611698], [0.017863070592284203, 0.05482346564531326, 0.08818802237510681, 0.1545722931623459, 0.23942968249320984, 1.0, 0.31877103447914124, 0.16536375880241394, 0.27996155619621277, 0.2264694720506668, 0.2220367193222046, 0.23752324283123016, 0.18593475222587585, 0.16468359529972076, 0.11577031016349792, 0.036173105239868164], [0.02553873136639595, 0.06425081938505173, 0.12879323959350586, 0.2609049081802368, 0.15596123039722443, 0.31877103447914124, 1.0, 0.34343641996383667, 0.2525951862335205, 0.2031216323375702, 0.27439188957214355, 0.21165268123149872, 0.0893556997179985, 0.1973220407962799, 0.1383555680513382, 0.04730181023478508], [0.03963550180196762, 0.06068010628223419, 0.07514570653438568, 0.20372159779071808, 0.24612435698509216, 0.16536375880241394, 0.34343641996383667, 1.0, 0.2896682918071747, 0.1824130117893219, 0.16966398060321808, 0.1502866894006729, 0.16203682124614716, 0.11905094981193542, 0.05105523392558098, 0.09088733047246933], [0.061253342777490616, 0.041982006281614304, 0.10237955302000046, 0.13118630647659302, 0.27194666862487793, 0.27996155619621277, 0.2525951862335205, 0.2896682918071747, 1.0, 0.18306207656860352, 0.22845964133739471, 0.1403788924217224, 0.12953722476959229, 0.08671209216117859, 0.1643744260072708, 0.05629461631178856], [0.01827956736087799, 0.040795281529426575, 0.1665838658809662, 0.13234026730060577, 0.20230481028556824, 0.2264694720506668, 0.2031216323375702, 0.1824130117893219, 0.18306207656860352, 1.0, 0.11497889459133148, 0.13327787816524506, 0.16518275439739227, 0.13270458579063416, 0.1655467003583908, 0.038361139595508575], [0.01959063857793808, 0.044290442019701004, 0.08639060705900192, 0.1496577262878418, 0.17482426762580872, 0.2220367193222046, 0.27439188957214355, 0.16966398060321808, 0.22845964133739471, 0.11497889459133148, 1.0, 0.1412171870470047, 0.056738920509815216, 0.11973439902067184, 0.17415128648281097, 0.09829720109701157], [0.010558663867413998, 0.04663173481822014, 0.053115978837013245, 0.09649980068206787, 0.11101886630058289, 0.23752324283123016, 0.21165268123149872, 0.1502866894006729, 0.1403788924217224, 0.13327787816524506, 0.1412171870470047, 1.0, 0.119294174015522, 0.16536922752857208, 0.1439991444349289, 0.0680478885769844], [-0.006995165720582008, 0.027796447277069092, 0.1118130087852478, 0.07975888252258301, 0.18553943932056427, 0.18593475222587585, 0.0893556997179985, 0.16203682124614716, 0.12953722476959229, 0.16518275439739227, 0.056738920509815216, 0.119294174015522, 1.0, 0.10777536034584045, 0.19556528329849243, 0.09206368029117584], [0.029325004667043686, 0.031095147132873535, 0.02824489027261734, 0.07397553324699402, 0.10375126451253891, 0.16468359529972076, 0.1973220407962799, 0.11905094981193542, 0.08671209216117859, 0.13270458579063416, 0.11973439902067184, 0.16536922752857208, 0.10777536034584045, 1.0, 0.13157115876674652, 0.09427738189697266], [0.04677882045507431, 0.02473391219973564, 0.026278173550963402, 0.1053035631775856, 0.1670028567314148, 0.11577031016349792, 0.1383555680513382, 0.05105523392558098, 0.1643744260072708, 0.1655467003583908, 0.17415128648281097, 0.1439991444349289, 0.19556528329849243, 0.13157115876674652, 1.0, 0.06368733942508698], [0.006412687711417675, 0.006622865330427885, 0.05690537393093109, 0.018579958006739616, 0.009068266488611698, 0.036173105239868164, 0.04730181023478508, 0.09088733047246933, 0.05629461631178856, 0.038361139595508575, 0.09829720109701157, 0.0680478885769844, 0.09206368029117584, 0.09427738189697266, 0.06368733942508698, 1.0]], "procrustes": [[1.0, 0.7939478158950806, 0.6280884742736816, 0.45719727873802185, 0.3392821252346039, 0.2523914873600006, 0.20796023309230804, 0.19471509754657745, 0.1941039115190506, 0.2031005322933197, 0.21701179444789886, 0.2295137345790863, 0.2449408918619156, 0.2661656439304352, 0.28576400876045227, 0.3025265038013458], [0.7939478158950806, 1.0, 0.8031460046768188, 0.6209006309509277, 0.4887145459651947, 0.386411190032959, 0.3319740295410156, 0.31548669934272766, 0.31469660997390747, 0.3256036043167114, 0.34267333149909973, 0.3559839129447937, 0.37443214654922485, 0.3980557322502136, 0.4203687012195587, 0.43879643082618713], [0.6280884742736816, 0.8031460046768188, 1.0, 0.8624504208564758, 0.7362716197967529, 0.6187584400177002, 0.5482602119445801, 0.5272680521011353, 0.5253746509552002, 0.5395321846008301, 0.5601455569267273, 0.5736257433891296, 0.5933207273483276, 0.6156484484672546, 0.6334226727485657, 0.6470679044723511], [0.45719727873802185, 0.6209006309509277, 0.8624504208564758, 1.0, 0.9386112689971924, 0.8419312834739685, 0.7715600728988647, 0.7497058510780334, 0.7478370666503906, 0.7637198567390442, 0.7844486236572266, 0.7964296936988831, 0.8105911016464233, 0.8215194344520569, 0.8238717317581177, 0.8177951574325562], [0.3392821252346039, 0.4887145459651947, 0.7362716197967529, 0.9386112689971924, 1.0, 0.9622464776039124, 0.9161142706871033, 0.8995179533958435, 0.8982539772987366, 0.9102842807769775, 0.9243181943893433, 0.9286313056945801, 0.9309068322181702, 0.9236657023429871, 0.9065749645233154, 0.879170298576355], [0.2523914873600006, 0.386411190032959, 0.6187584400177002, 0.8419312834739685, 0.9622464776039124, 1.0, 0.9887924194335938, 0.9815078973770142, 0.9805014133453369, 0.9853251576423645, 0.9870143532752991, 0.9798616766929626, 0.9665070176124573, 0.9388960599899292, 0.9023096561431885, 0.8567553758621216], [0.20796023309230804, 0.3319740295410156, 0.5482602119445801, 0.7715600728988647, 0.9161142706871033, 0.9887924194335938, 1.0, 0.9987351894378662, 0.9982331991195679, 0.9979353547096252, 0.9920046329498291, 0.9790310263633728, 0.9575766324996948, 0.9201025366783142, 0.8731577396392822, 0.8171563744544983], [0.19471509754657745, 0.31548669934272766, 0.5272680521011353, 0.7497058510780334, 0.8995179533958435, 0.9815078973770142, 0.9987351894378662, 1.0, 0.9996513724327087, 0.997880220413208, 0.9891073107719421, 0.9747348427772522, 0.9511241912841797, 0.9118117094039917, 0.8618758320808411, 0.8021636009216309], [0.1941039115190506, 0.31469660997390747, 0.5253746509552002, 0.7478370666503906, 0.8982539772987366, 0.9805014133453369, 0.9982331991195679, 0.9996513724327087, 1.0, 0.9983051419258118, 0.9907004237174988, 0.9775927662849426, 0.9553459286689758, 0.9170274138450623, 0.8665333986282349, 0.8044359683990479], [0.2031005322933197, 0.3256036043167114, 0.5395321846008301, 0.7637198567390442, 0.9102842807769775, 0.9853251576423645, 0.9979353547096252, 0.997880220413208, 0.9983051419258118, 1.0, 0.9955711960792542, 0.9857501983642578, 0.9657713174819946, 0.9298896193504333, 0.8813737034797668, 0.8185278177261353], [0.21701179444789886, 0.34267333149909973, 0.5601455569267273, 0.7844486236572266, 0.9243181943893433, 0.9870143532752991, 0.9920046329498291, 0.9891073107719421, 0.9907004237174988, 0.9955711960792542, 1.0, 0.9960988759994507, 0.9835957288742065, 0.9532425403594971, 0.9080483317375183, 0.84389328956604], [0.2295137345790863, 0.3559839129447937, 0.5736257433891296, 0.7964296936988831, 0.9286313056945801, 0.9798616766929626, 0.9790310263633728, 0.9747348427772522, 0.9775927662849426, 0.9857501983642578, 0.9960988759994507, 1.0, 0.9945173263549805, 0.9723777174949646, 0.9311045408248901, 0.862891435623169], [0.2449408918619156, 0.37443214654922485, 0.5933207273483276, 0.8105911016464233, 0.9309068322181702, 0.9665070176124573, 0.9575766324996948, 0.9511241912841797, 0.9553459286689758, 0.9657713174819946, 0.9835957288742065, 0.9945173263549805, 1.0, 0.9895325303077698, 0.9567257761955261, 0.891137957572937], [0.2661656439304352, 0.3980557322502136, 0.6156484484672546, 0.8215194344520569, 0.9236657023429871, 0.9388960599899292, 0.9201025366783142, 0.9118117094039917, 0.9170274138450623, 0.9298896193504333, 0.9532425403594971, 0.9723777174949646, 0.9895325303077698, 1.0, 0.9858072400093079, 0.930716335773468], [0.28576400876045227, 0.4203687012195587, 0.6334226727485657, 0.8238717317581177, 0.9065749645233154, 0.9023096561431885, 0.8731577396392822, 0.8618758320808411, 0.8665333986282349, 0.8813737034797668, 0.9080483317375183, 0.9311045408248901, 0.9567257761955261, 0.9858072400093079, 1.0, 0.973750114440918], [0.3025265038013458, 0.43879643082618713, 0.6470679044723511, 0.8177951574325562, 0.879170298576355, 0.8567553758621216, 0.8171563744544983, 0.8021636009216309, 0.8044359683990479, 0.8185278177261353, 0.84389328956604, 0.862891435623169, 0.891137957572937, 0.930716335773468, 0.973750114440918, 1.0]], "pc1_variance": [0.13519072532653809, 0.18235564231872559, 0.31626686453819275, 0.502249538898468, 0.6586790084838867, 0.8348890542984009, 0.9048849940299988, 0.923952579498291, 0.9183652400970459, 0.8999790549278259, 0.8480812311172485, 0.8009651899337769, 0.7324910163879395, 0.6495775580406189, 0.5738320350646973, 0.538316011428833], "probe_accuracy_per_layer": [0.4375000298023224, 0.4425000250339508, 0.45350003242492676, 0.4595000147819519, 0.4740000367164612, 0.48250001668930054, 0.49650001525878906, 0.45000001788139343, 0.4715000092983246, 0.46800002455711365, 0.47200003266334534, 0.46800002455711365, 0.4740000367164612, 0.4780000150203705, 0.46700000762939453, 0.47300001978874207]}, "init": {"cka": [[1.0, 0.8794355988502502, 0.7096291184425354, 0.5877518057823181, 0.5502369403839111, 0.5439774394035339, 0.4711926579475403, 0.43189162015914917, 0.41326576471328735, 0.42233943939208984, 0.4017990827560425, 0.37960463762283325, 0.3202260434627533, 0.3185672163963318, 0.3386248052120209, 0.30025967955589294], [0.8794355988502502, 1.0, 0.8462618589401245, 0.7030367255210876, 0.6556228399276733, 0.6234164237976074, 0.5324670672416687, 0.4841539263725281, 0.4564523696899414, 0.4640790820121765, 0.4526384174823761, 0.41643452644348145, 0.3598216474056244, 0.36148694157600403, 0.3763277530670166, 0.333076149225235], [0.7096291184425354, 0.8462618589401245, 1.0, 0.8644809126853943, 0.7859127521514893, 0.7159108519554138, 0.6179199814796448, 0.5493853688240051, 0.5142357349395752, 0.5082069635391235, 0.49902570247650146, 0.4656396210193634, 0.42623499035835266, 0.42233192920684814, 0.42700445652008057, 0.38510066270828247], [0.5877518057823181, 0.7030367255210876, 0.8644809126853943, 1.0, 0.8723981380462646, 0.7922929525375366, 0.7266961336135864, 0.6398018002510071, 0.5821805000305176, 0.5593882203102112, 0.5460191369056702, 0.4970167279243469, 0.47233846783638, 0.4613516628742218, 0.46873632073402405, 0.4304144084453583], [0.5502369403839111, 0.6556228399276733, 0.7859127521514893, 0.8723981380462646, 1.0, 0.8932803869247437, 0.7979521751403809, 0.7312432527542114, 0.6812822222709656, 0.6557793021202087, 0.6482481360435486, 0.6077679395675659, 0.5657106041908264, 0.5560380220413208, 0.5583943724632263, 0.5189235210418701], [0.5439774394035339, 0.6234164237976074, 0.7159108519554138, 0.7922929525375366, 0.8932803869247437, 1.0, 0.8943148255348206, 0.8209511637687683, 0.779984712600708, 0.7577670812606812, 0.7428309321403503, 0.7045347094535828, 0.671225368976593, 0.6580142974853516, 0.6551131010055542, 0.6148235201835632], [0.4711926579475403, 0.5324670672416687, 0.6179199814796448, 0.7266961336135864, 0.7979521751403809, 0.8943148255348206, 1.0, 0.8913926482200623, 0.8498692512512207, 0.7996187210083008, 0.7801473736763, 0.7355495691299438, 0.7182362675666809, 0.6836404800415039, 0.6811913847923279, 0.6445122957229614], [0.43189162015914917, 0.4841539263725281, 0.5493853688240051, 0.6398018002510071, 0.7312432527542114, 0.8209511637687683, 0.8913926482200623, 1.0, 0.9420549869537354, 0.8916429877281189, 0.8799893856048584, 0.8327029943466187, 0.7812298536300659, 0.7374857664108276, 0.7328788042068481, 0.692126989364624], [0.41326576471328735, 0.4564523696899414, 0.5142357349395752, 0.5821805000305176, 0.6812822222709656, 0.779984712600708, 0.8498692512512207, 0.9420549869537354, 1.0, 0.9519891142845154, 0.9282540082931519, 0.8750404119491577, 0.8352711200714111, 0.7908888459205627, 0.7742963433265686, 0.7353981137275696], [0.42233943939208984, 0.4640790820121765, 0.5082069635391235, 0.5593882203102112, 0.6557793021202087, 0.7577670812606812, 0.7996187210083008, 0.8916429877281189, 0.9519891142845154, 1.0, 0.9653551578521729, 0.9074746966362, 0.8468051552772522, 0.8147677779197693, 0.8110846281051636, 0.7639517188072205], [0.4017990827560425, 0.4526384174823761, 0.49902570247650146, 0.5460191369056702, 0.6482481360435486, 0.7428309321403503, 0.7801473736763, 0.8799893856048584, 0.9282540082931519, 0.9653551578521729, 1.0, 0.9290159940719604, 0.8771929740905762, 0.8435854315757751, 0.8298941850662231, 0.7894608378410339], [0.37960463762283325, 0.41643452644348145, 0.4656396210193634, 0.4970167279243469, 0.6077679395675659, 0.7045347094535828, 0.7355495691299438, 0.8327029943466187, 0.8750404119491577, 0.9074746966362, 0.9290159940719604, 1.0, 0.9387275576591492, 0.9050748944282532, 0.8871153593063354, 0.8466981649398804], [0.3202260434627533, 0.3598216474056244, 0.42623499035835266, 0.47233846783638, 0.5657106041908264, 0.671225368976593, 0.7182362675666809, 0.7812298536300659, 0.8352711200714111, 0.8468051552772522, 0.8771929740905762, 0.9387275576591492, 1.0, 0.9735644459724426, 0.9386478066444397, 0.9062255620956421], [0.3185672163963318, 0.36148694157600403, 0.42233192920684814, 0.4613516628742218, 0.5560380220413208, 0.6580142974853516, 0.6836404800415039, 0.7374857664108276, 0.7908888459205627, 0.8147677779197693, 0.8435854315757751, 0.9050748944282532, 0.9735644459724426, 1.0, 0.971424400806427, 0.9469752311706543], [0.3386248052120209, 0.3763277530670166, 0.42700445652008057, 0.46873632073402405, 0.5583943724632263, 0.6551131010055542, 0.6811913847923279, 0.7328788042068481, 0.7742963433265686, 0.8110846281051636, 0.8298941850662231, 0.8871153593063354, 0.9386478066444397, 0.971424400806427, 1.0, 0.9742489457130432], [0.30025967955589294, 0.333076149225235, 0.38510066270828247, 0.4304144084453583, 0.5189235210418701, 0.6148235201835632, 0.6445122957229614, 0.692126989364624, 0.7353981137275696, 0.7639517188072205, 0.7894608378410339, 0.8466981649398804, 0.9062255620956421, 0.9469752311706543, 0.9742489457130432, 1.0]], "cosine": [[1.0, 0.03311992064118385, 0.014875952154397964, 0.038574960082769394, 0.017972543835639954, 0.015152281150221825, 0.029277697205543518, -0.026490483433008194, -0.02019520290195942, -0.013802108354866505, -0.020585522055625916, -0.022078366950154305, 0.0034937423188239336, -0.022376306354999542, 0.008386545814573765, -0.013265079818665981], [0.03311992064118385, 1.0, 0.0551476925611496, 0.05340129882097244, 0.007137421052902937, -0.016014618799090385, 0.04027002304792404, -0.007089813705533743, 0.008862536400556564, -0.011720054782927036, -0.018353750929236412, -0.013825459405779839, -0.01634231209754944, 0.005461273714900017, 0.009494167752563953, -0.003292475128546357], [0.014875952154397964, 0.0551476925611496, 1.0, 0.0293919425457716, 0.02734634280204773, -0.047439832240343094, -0.0145625164732337, -0.024434629827737808, -0.00010198682139161974, -0.0073481472209095955, -0.019199397414922714, -0.0004584976122714579, -0.02807951532304287, -0.01960204727947712, -0.02575049363076687, 0.037301547825336456], [0.038574960082769394, 0.05340129882097244, 0.0293919425457716, 1.0, 0.009270637296140194, -0.020985443145036697, 0.007383125834167004, 0.028737004846334457, -0.01112599391490221, -0.020076323300600052, 0.007387625053524971, 0.01587115414440632, -0.055006567388772964, -0.021550821140408516, 0.006538471672683954, 0.027479583397507668], [0.017972543835639954, 0.007137421052902937, 0.02734634280204773, 0.009270637296140194, 1.0, 0.0008447915897704661, -0.0007820262107998133, 0.015652965754270554, -0.01320677436888218, -0.01543113961815834, -0.07105816155672073, 0.013544567860662937, 0.005264976993203163, -0.022298863157629967, 0.03707379847764969, 0.006549007259309292], [0.015152281150221825, -0.016014618799090385, -0.047439832240343094, -0.020985443145036697, 0.0008447915897704661, 1.0, 0.014525840058922768, -0.01634545810520649, -0.0050359321758151054, -0.05010257288813591, 0.02740750089287758, -0.016945067793130875, -0.012307940050959587, -0.01853376068174839, 0.016995206475257874, 0.0009201056091114879], [0.029277697205543518, 0.04027002304792404, -0.0145625164732337, 0.007383125834167004, -0.0007820262107998133, 0.014525840058922768, 1.0, 0.010553642176091671, 0.03408711403608322, 0.021409520879387856, 0.004411397501826286, 0.04343847185373306, -0.041485629975795746, 0.062320370227098465, 0.049787066876888275, -0.02644840069115162], [-0.026490483433008194, -0.007089813705533743, -0.024434629827737808, 0.028737004846334457, 0.015652965754270554, -0.01634545810520649, 0.010553642176091671, 1.0, 0.017478084191679955, -0.011274398304522038, -0.01664973981678486, 0.026500238105654716, 0.023034261539578438, 0.06631045043468475, 0.025927886366844177, -0.017434436827898026], [-0.02019520290195942, 0.008862536400556564, -0.00010198682139161974, -0.01112599391490221, -0.01320677436888218, -0.0050359321758151054, 0.03408711403608322, 0.017478084191679955, 1.0, 0.0290080439299345, -0.03416846692562103, 0.02619432844221592, -0.04266678914427757, 0.03528551012277603, -0.007928187027573586, -0.011681411415338516], [-0.013802108354866505, -0.011720054782927036, -0.0073481472209095955, -0.020076323300600052, -0.01543113961815834, -0.05010257288813591, 0.021409520879387856, -0.011274398304522038, 0.0290080439299345, 1.0, -0.0042769890278577805, 0.03428993374109268, -0.019695444032549858, -0.004435926675796509, -0.04440385103225708, 0.05126502737402916], [-0.020585522055625916, -0.018353750929236412, -0.019199397414922714, 0.007387625053524971, -0.07105816155672073, 0.02740750089287758, 0.004411397501826286, -0.01664973981678486, -0.03416846692562103, -0.0042769890278577805, 1.0, -0.00856576394289732, 0.005575619637966156, 0.06742410361766815, -0.004934773314744234, 0.03832315653562546], [-0.022078366950154305, -0.013825459405779839, -0.0004584976122714579, 0.01587115414440632, 0.013544567860662937, -0.016945067793130875, 0.04343847185373306, 0.026500238105654716, 0.02619432844221592, 0.03428993374109268, -0.00856576394289732, 1.0, -0.034747540950775146, 0.0013267913600429893, -0.04013407602906227, -0.021533004939556122], [0.0034937423188239336, -0.01634231209754944, -0.02807951532304287, -0.055006567388772964, 0.005264976993203163, -0.012307940050959587, -0.041485629975795746, 0.023034261539578438, -0.04266678914427757, -0.019695444032549858, 0.005575619637966156, -0.034747540950775146, 1.0, -0.06508516520261765, -0.00409071845933795, -0.025942323729395866], [-0.022376306354999542, 0.005461273714900017, -0.01960204727947712, -0.021550821140408516, -0.022298863157629967, -0.01853376068174839, 0.062320370227098465, 0.06631045043468475, 0.03528551012277603, -0.004435926675796509, 0.06742410361766815, 0.0013267913600429893, -0.06508516520261765, 1.0, -0.004414047114551067, -0.053885143250226974], [0.008386545814573765, 0.009494167752563953, -0.02575049363076687, 0.006538471672683954, 0.03707379847764969, 0.016995206475257874, 0.049787066876888275, 0.025927886366844177, -0.007928187027573586, -0.04440385103225708, -0.004934773314744234, -0.04013407602906227, -0.00409071845933795, -0.004414047114551067, 1.0, -0.007336013484746218], [-0.013265079818665981, -0.003292475128546357, 0.037301547825336456, 0.027479583397507668, 0.006549007259309292, 0.0009201056091114879, -0.02644840069115162, -0.017434436827898026, -0.011681411415338516, 0.05126502737402916, 0.03832315653562546, -0.021533004939556122, -0.025942323729395866, -0.053885143250226974, -0.007336013484746218, 1.0]], "procrustes": [[1.0, 0.8447368741035461, 0.7217101454734802, 0.6409078240394592, 0.59709233045578, 0.5708953142166138, 0.5421863794326782, 0.5151339769363403, 0.498873233795166, 0.48862576484680176, 0.4713260531425476, 0.45308852195739746, 0.4367356300354004, 0.4304148256778717, 0.4300772547721863, 0.4121815860271454], [0.8447368741035461, 1.0, 0.8391631245613098, 0.7399231195449829, 0.6850690841674805, 0.6498370170593262, 0.6145815253257751, 0.5825609564781189, 0.5623639225959778, 0.5465851426124573, 0.530369758605957, 0.5051383972167969, 0.48901277780532837, 0.48017293214797974, 0.4744269549846649, 0.45405319333076477], [0.7217101454734802, 0.8391631245613098, 1.0, 0.8694186210632324, 0.7963461875915527, 0.7461092472076416, 0.7053830027580261, 0.665266752243042, 0.6413111090660095, 0.6186769604682922, 0.6004369258880615, 0.5731045007705688, 0.5605577826499939, 0.5467687845230103, 0.5352534055709839, 0.5142368078231812], [0.6409078240394592, 0.7399231195449829, 0.8694186210632324, 1.0, 0.9040395021438599, 0.8467577695846558, 0.80658358335495, 0.7578240633010864, 0.7269189357757568, 0.6991481184959412, 0.6781337261199951, 0.6422079205513, 0.6319595575332642, 0.6130878329277039, 0.6006474494934082, 0.578877329826355], [0.59709233045578, 0.6850690841674805, 0.7963461875915527, 0.9040395021438599, 1.0, 0.9314637184143066, 0.8828024864196777, 0.8379594087600708, 0.8102619051933289, 0.7815923094749451, 0.7610232830047607, 0.7268179059028625, 0.7122259736061096, 0.6933910250663757, 0.6783117651939392, 0.6559222936630249], [0.5708953142166138, 0.6498370170593262, 0.7461092472076416, 0.8467577695846558, 0.9314637184143066, 1.0, 0.9508163928985596, 0.9051591753959656, 0.8790783286094666, 0.8514894247055054, 0.8294942378997803, 0.7965400218963623, 0.7843798398971558, 0.764004111289978, 0.7466636300086975, 0.7242216467857361], [0.5421863794326782, 0.6145815253257751, 0.7053830027580261, 0.80658358335495, 0.8828024864196777, 0.9508163928985596, 1.0, 0.9513041973114014, 0.9248979091644287, 0.8907177448272705, 0.8679615259170532, 0.8379637002944946, 0.8293642997741699, 0.8043522834777832, 0.7892439961433411, 0.7680319547653198], [0.5151339769363403, 0.5825609564781189, 0.665266752243042, 0.7578240633010864, 0.8379594087600708, 0.9051591753959656, 0.9513041973114014, 1.0, 0.971747636795044, 0.9391941428184509, 0.9248031973838806, 0.8947209715843201, 0.8779773116111755, 0.8523292541503906, 0.8321732878684998, 0.8108720183372498], [0.498873233795166, 0.5623639225959778, 0.6413111090660095, 0.7269189357757568, 0.8102619051933289, 0.8790783286094666, 0.9248979091644287, 0.971747636795044, 1.0, 0.9742960333824158, 0.9552897214889526, 0.9263531565666199, 0.9149461984634399, 0.8909029960632324, 0.8698082566261292, 0.8491255640983582], [0.48862576484680176, 0.5465851426124573, 0.6186769604682922, 0.6991481184959412, 0.7815923094749451, 0.8514894247055054, 0.8907177448272705, 0.9391941428184509, 0.9742960333824158, 1.0, 0.9805718660354614, 0.9528470039367676, 0.9350690245628357, 0.9137188196182251, 0.8958166837692261, 0.8739548325538635], [0.4713260531425476, 0.530369758605957, 0.6004369258880615, 0.6781337261199951, 0.7610232830047607, 0.8294942378997803, 0.8679615259170532, 0.9248031973838806, 0.9552897214889526, 0.9805718660354614, 1.0, 0.9660417437553406, 0.9487021565437317, 0.9281478524208069, 0.9102675318717957, 0.8903138041496277], [0.45308852195739746, 0.5051383972167969, 0.5731045007705688, 0.6422079205513, 0.7268179059028625, 0.7965400218963623, 0.8379637002944946, 0.8947209715843201, 0.9263531565666199, 0.9528470039367676, 0.9660417437553406, 1.0, 0.9792108535766602, 0.9609873294830322, 0.9394282698631287, 0.9210031032562256], [0.4367356300354004, 0.48901277780532837, 0.5605577826499939, 0.6319595575332642, 0.7122259736061096, 0.7843798398971558, 0.8293642997741699, 0.8779773116111755, 0.9149461984634399, 0.9350690245628357, 0.9487021565437317, 0.9792108535766602, 1.0, 0.9851686954498291, 0.9650607109069824, 0.9501015543937683], [0.4304148256778717, 0.48017293214797974, 0.5467687845230103, 0.6130878329277039, 0.6933910250663757, 0.764004111289978, 0.8043522834777832, 0.8523292541503906, 0.8909029960632324, 0.9137188196182251, 0.9281478524208069, 0.9609873294830322, 0.9851686954498291, 1.0, 0.9833360314369202, 0.9697281718254089], [0.4300772547721863, 0.4744269549846649, 0.5352534055709839, 0.6006474494934082, 0.6783117651939392, 0.7466636300086975, 0.7892439961433411, 0.8321732878684998, 0.8698082566261292, 0.8958166837692261, 0.9102675318717957, 0.9394282698631287, 0.9650607109069824, 0.9833360314369202, 1.0, 0.9878395199775696], [0.4121815860271454, 0.45405319333076477, 0.5142368078231812, 0.578877329826355, 0.6559222936630249, 0.7242216467857361, 0.7680319547653198, 0.8108720183372498, 0.8491255640983582, 0.8739548325538635, 0.8903138041496277, 0.9210031032562256, 0.9501015543937683, 0.9697281718254089, 0.9878395199775696, 1.0]], "pc1_variance": [0.2023685723543167, 0.18764875829219818, 0.18922576308250427, 0.17542801797389984, 0.19415226578712463, 0.19586805999279022, 0.16187815368175507, 0.21043303608894348, 0.236815944314003, 0.26382410526275635, 0.2606169581413269, 0.2870867848396301, 0.30473989248275757, 0.35668516159057617, 0.39045703411102295, 0.464985728263855], "probe_accuracy_per_layer": null}, "cka_trained_vs_init_per_layer": [0.6542354226112366, 0.393047571182251, 0.189068004488945, 0.09512550383806229, 0.062323182821273804, 0.04250001162290573, 0.03554948419332504, 0.03350149467587471, 0.02899000607430935, 0.023267820477485657, 0.02562674880027771, 0.0179299246519804, 0.025277521461248398, 0.03189052268862724, 0.0356597825884819, 0.02954762801527977], "runtime_sec": 21.809027671813965}