{"config": {"input_dim": 3072, "num_classes": 10, "depth": 4, "width": 2048, "init_scale": 1.0, "nonlinearity": "relu"}, "dataset": "cifar10", "seed": 2, "epochs": 15, "shuffle_labels": false, "test_accuracy": 0.5628, "history": {"train_loss": [1.789256528932221, 1.502778179791509, 1.3531822829830402, 1.2369687897818429, 1.1313592086032944, 1.0026339097898833, 0.8838058120133926, 0.7433192778606804, 0.6019214361297841, 0.44708245384449863, 0.3063391424259361, 0.19206892927082217, 0.11473090368874218, 0.07649558364432685, 0.061695157835374076], "val_acc": [0.4306, 0.4888, 0.5036, 0.519, 0.538, 0.5362, 0.539, 0.5488, 0.5516, 0.5492, 0.551, 0.5622, 0.5636, 0.5608, 0.5628], "param_delta_ratio": 1.4303188388471613, "n_params": 18903050}, "trained": {"cka": [[1.0, 0.6188918948173523, 0.27343079447746277, 0.12713176012039185], [0.6188918948173523, 1.0, 0.6410238146781921, 0.41588094830513], [0.27343079447746277, 0.6410238146781921, 1.0, 0.9095534682273865], [0.12713176012039185, 0.41588094830513, 0.9095534682273865, 1.0]], "cosine": [[1.0, 0.013496456667780876, 0.01688326895236969, 0.00938566867262125], [0.013496456667780876, 1.0, 0.0043243179097771645, 0.006289297714829445], [0.01688326895236969, 0.0043243179097771645, 1.0, 0.03209410607814789], [0.00938566867262125, 0.006289297714829445, 0.03209410607814789, 1.0]], "procrustes": [[1.0, 0.7122319340705872, 0.5677453279495239, 0.38802656531333923], [0.7122319340705872, 1.0, 0.7565850019454956, 0.5622316598892212], [0.5677453279495239, 0.7565850019454956, 1.0, 0.8175749778747559], [0.38802656531333923, 0.5622316598892212, 0.8175749778747559, 1.0]], "pc1_variance": [0.16612090170383453, 0.06459426879882812, 0.14218635857105255, 0.36756375432014465], "probe_accuracy_per_layer": [0.42750000953674316, 0.43700000643730164, 0.48600003123283386, 0.47600001096725464]}, "init": {"cka": [[1.0, 0.9685781598091125, 0.8974368572235107, 0.807867169380188], [0.9685781598091125, 1.0, 0.9695119857788086, 0.91127610206604], [0.8974368572235107, 0.9695119857788086, 1.0, 0.9748309254646301], [0.807867169380188, 0.91127610206604, 0.9748309254646301, 1.0]], "cosine": [[1.0, 0.04152662679553032, 0.044499389827251434, 0.04483515024185181], [0.04152662679553032, 1.0, 0.05163795128464699, 0.05328931659460068], [0.044499389827251434, 0.05163795128464699, 1.0, 0.04564521834254265], [0.04483515024185181, 0.05328931659460068, 0.04564521834254265, 1.0]], "procrustes": [[1.0, 0.9283350110054016, 0.8718242645263672, 0.8262829780578613], [0.9283350110054016, 1.0, 0.9246349334716797, 0.8730008602142334], [0.8718242645263672, 0.9246349334716797, 1.0, 0.926898717880249], [0.8262829780578613, 0.8730008602142334, 0.926898717880249, 1.0]], "pc1_variance": [0.2168503850698471, 0.17309413850307465, 0.16920270025730133, 0.18802373111248016], "probe_accuracy_per_layer": null}, "cka_trained_vs_init_per_layer": [0.5216351747512817, 0.408650279045105, 0.19881094992160797, 0.10981577634811401], "runtime_sec": 45.505194664001465}