{"config": {"input_dim": 3072, "num_classes": 10, "depth": 4, "width": 128, "init_scale": 1.0, "nonlinearity": "relu"}, "dataset": "cifar10", "seed": 1, "epochs": 15, "shuffle_labels": false, "test_accuracy": 0.533, "history": {"train_loss": [1.7616294561600199, 1.4979435667699696, 1.3864015279983988, 1.3017169224972627, 1.2377629936957846, 1.169785544580343, 1.110527504463585, 1.0549503777708327, 0.9983156767426705, 0.9516619492550286, 0.9082162605256451, 0.8702605457938447, 0.8428163309486545, 0.8243116420142504, 0.8130616302392921], "val_acc": [0.4386, 0.474, 0.4924, 0.504, 0.5066, 0.5172, 0.5216, 0.5212, 0.5152, 0.5252, 0.531, 0.5354, 0.5302, 0.5332, 0.533], "param_delta_ratio": 1.54665101206906, "n_params": 444170}, "trained": {"cka": [[1.0, 0.8557179570198059, 0.6214228272438049, 0.4019080102443695], [0.8557179570198059, 1.0, 0.8340286612510681, 0.6041733026504517], [0.6214228272438049, 0.8340286612510681, 1.0, 0.8870837688446045], [0.4019080102443695, 0.6041733026504517, 0.8870837688446045, 1.0]], "cosine": [[1.0, 0.06619251519441605, 0.05380728468298912, 0.04942963272333145], [0.06619251519441605, 1.0, 0.07156223058700562, 0.059471264481544495], [0.05380728468298912, 0.07156223058700562, 1.0, 0.09458225965499878], [0.04942963272333145, 0.059471264481544495, 0.09458225965499878, 1.0]], "procrustes": [[1.0, 0.8531498908996582, 0.7320928573608398, 0.5858334302902222], [0.8531498908996582, 1.0, 0.8719455003738403, 0.724967360496521], [0.7320928573608398, 0.8719455003738403, 1.0, 0.8894109725952148], [0.5858334302902222, 0.724967360496521, 0.8894109725952148, 1.0]], "pc1_variance": [0.10396510362625122, 0.12077803164720535, 0.17040161788463593, 0.3572026193141937], "probe_accuracy_per_layer": [0.45100003480911255, 0.46650001406669617, 0.48350003361701965, 0.5060000419616699]}, "init": {"cka": [[1.0, 0.8655813336372375, 0.7470695376396179, 0.6895809173583984], [0.8655813336372375, 1.0, 0.8856738209724426, 0.7898461818695068], [0.7470695376396179, 0.8856738209724426, 1.0, 0.8899608850479126], [0.6895809173583984, 0.7898461818695068, 0.8899608850479126, 1.0]], "cosine": [[1.0, 0.05470341071486473, 0.06402026116847992, -0.005535310134291649], [0.05470341071486473, 1.0, 0.05260593816637993, 0.031160717830061913], [0.06402026116847992, 0.05260593816637993, 1.0, -0.009724141098558903], [-0.005535310134291649, 0.031160717830061913, -0.009724141098558903, 1.0]], "procrustes": [[1.0, 0.8353421688079834, 0.7443539500236511, 0.6798927187919617], [0.8353421688079834, 1.0, 0.8717779517173767, 0.7767320275306702], [0.7443539500236511, 0.8717779517173767, 1.0, 0.875717282295227], [0.6798927187919617, 0.7767320275306702, 0.875717282295227, 1.0]], "pc1_variance": [0.23784363269805908, 0.1625978797674179, 0.18322870135307312, 0.22921323776245117], "probe_accuracy_per_layer": null}, "cka_trained_vs_init_per_layer": [0.622708797454834, 0.47963854670524597, 0.2901651859283447, 0.14187969267368317], "runtime_sec": 7.8608386516571045}