{"config": {"input_dim": 3072, "num_classes": 10, "depth": 8, "width": 2048, "init_scale": 1.0, "nonlinearity": "relu"}, "dataset": "cifar10", "seed": 0, "epochs": 15, "shuffle_labels": false, "test_accuracy": 0.5348, "history": {"train_loss": [2.0609968450604654, 1.8629770108631678, 1.6298411087113984, 1.4450906612435166, 1.3315299116835302, 1.2232440357305565, 1.1212067275631183, 1.0136503425179695, 0.9030371588103625, 0.7845644719746648, 0.6548593944432785, 0.5410771722696266, 0.43309880306526105, 0.35406795661060175, 0.3126075333174394], "val_acc": [0.208, 0.341, 0.442, 0.4742, 0.4834, 0.51, 0.514, 0.5246, 0.5272, 0.5348, 0.5354, 0.537, 0.5398, 0.5346, 0.5348], "param_delta_ratio": 1.163721972972496, "n_params": 35688458}, "trained": {"cka": [[1.0, 0.558540940284729, 0.23109151422977448, 0.11330151557922363, 0.08686968684196472, 0.08499952405691147, 0.08619897812604904, 0.09622605890035629], [0.558540940284729, 1.0, 0.5735737681388855, 0.3551582992076874, 0.30601808428764343, 0.291581392288208, 0.2928035259246826, 0.32000496983528137], [0.23109151422977448, 0.5735737681388855, 1.0, 0.891970157623291, 0.8393284678459167, 0.8094092607498169, 0.7876830697059631, 0.7849112153053284], [0.11330151557922363, 0.3551582992076874, 0.891970157623291, 1.0, 0.983083963394165, 0.9608018398284912, 0.9357211589813232, 0.9129106998443604], [0.08686968684196472, 0.30601808428764343, 0.8393284678459167, 0.983083963394165, 1.0, 0.9835965037345886, 0.9632166028022766, 0.9400817155838013], [0.08499952405691147, 0.291581392288208, 0.8094092607498169, 0.9608018398284912, 0.9835965037345886, 1.0, 0.9925962090492249, 0.9609111547470093], [0.08619897812604904, 0.2928035259246826, 0.7876830697059631, 0.9357211589813232, 0.9632166028022766, 0.9925962090492249, 1.0, 0.9764510989189148], [0.09622605890035629, 0.32000496983528137, 0.7849112153053284, 0.9129106998443604, 0.9400817155838013, 0.9609111547470093, 0.9764510989189148, 1.0]], "cosine": [[1.0, 0.007980560883879662, 0.016750454902648926, 0.0072738658636808395, 0.0008806903497315943, 0.005783922504633665, 0.0032940772362053394, 0.0013697664253413677], [0.007980560883879662, 1.0, 0.0052880169823765755, 0.003916637040674686, 0.010687824338674545, 0.014316525310277939, 0.0034533857833594084, 0.0022800047881901264], [0.016750454902648926, 0.0052880169823765755, 1.0, 0.020325176417827606, 0.021473770961165428, 0.029115501791238785, 0.033992357552051544, 0.018636703491210938], [0.0072738658636808395, 0.003916637040674686, 0.020325176417827606, 1.0, 0.018304262310266495, 0.02806096151471138, 0.0184978935867548, 0.030176794156432152], [0.0008806903497315943, 0.010687824338674545, 0.021473770961165428, 0.018304262310266495, 1.0, 0.013408235274255276, 0.06150908023118973, 0.04421554505825043], [0.005783922504633665, 0.014316525310277939, 0.029115501791238785, 0.02806096151471138, 0.013408235274255276, 1.0, 0.055338598787784576, 0.05084660276770592], [0.0032940772362053394, 0.0034533857833594084, 0.033992357552051544, 0.0184978935867548, 0.06150908023118973, 0.055338598787784576, 1.0, 0.0536915622651577], [0.0013697664253413677, 0.0022800047881901264, 0.018636703491210938, 0.030176794156432152, 0.04421554505825043, 0.05084660276770592, 0.0536915622651577, 1.0]], "procrustes": [[1.0, 0.6730814576148987, 0.5117831826210022, 0.3224070072174072, 0.23098711669445038, 0.21907687187194824, 0.21641360223293304, 0.22799603641033173], [0.6730814576148987, 1.0, 0.7264804840087891, 0.517375648021698, 0.40460216999053955, 0.38424772024154663, 0.38197556138038635, 0.3993365168571472], [0.5117831826210022, 0.7264804840087891, 1.0, 0.8127472996711731, 0.702835738658905, 0.6793582439422607, 0.6649129390716553, 0.6651089787483215], [0.3224070072174072, 0.517375648021698, 0.8127472996711731, 1.0, 0.9518629908561707, 0.9326208233833313, 0.9132745265960693, 0.8959442973136902], [0.23098711669445038, 0.40460216999053955, 0.702835738658905, 0.9518629908561707, 1.0, 0.9878383874893188, 0.9717637300491333, 0.948589026927948], [0.21907687187194824, 0.38424772024154663, 0.6793582439422607, 0.9326208233833313, 0.9878383874893188, 1.0, 0.9919475317001343, 0.9696277379989624], [0.21641360223293304, 0.38197556138038635, 0.6649129390716553, 0.9132745265960693, 0.9717637300491333, 0.9919475317001343, 1.0, 0.9858548641204834], [0.22799603641033173, 0.3993365168571472, 0.6651089787483215, 0.8959442973136902, 0.948589026927948, 0.9696277379989624, 0.9858548641204834, 1.0]], "pc1_variance": [0.15076693892478943, 0.1212126687169075, 0.23112651705741882, 0.4278510808944702, 0.4818745255470276, 0.47322574257850647, 0.4621167778968811, 0.40474003553390503], "probe_accuracy_per_layer": [0.421500027179718, 0.46150001883506775, 0.4385000169277191, 0.4545000195503235, 0.5015000104904175, 0.47850000858306885, 0.43650001287460327, 0.4690000116825104]}, "init": {"cka": [[1.0, 0.9713749885559082, 0.907960057258606, 0.8465431928634644, 0.7971983551979065, 0.7980982661247253, 0.8029448390007019, 0.8137719035148621], [0.9713749885559082, 1.0, 0.9720978736877441, 0.9326227903366089, 0.896736741065979, 0.8921760320663452, 0.8900139927864075, 0.8922511339187622], [0.907960057258606, 0.9720978736877441, 1.0, 0.9838905334472656, 0.9615330696105957, 0.9532719850540161, 0.9456947445869446, 0.9412693977355957], [0.8465431928634644, 0.9326227903366089, 0.9838905334472656, 1.0, 0.9862864017486572, 0.9754199981689453, 0.9641908407211304, 0.9555206298828125], [0.7971983551979065, 0.896736741065979, 0.9615330696105957, 0.9862864017486572, 1.0, 0.989608108997345, 0.9753969311714172, 0.9639037251472473], [0.7980982661247253, 0.8921760320663452, 0.9532719850540161, 0.9754199981689453, 0.989608108997345, 1.0, 0.987872302532196, 0.9762502908706665], [0.8029448390007019, 0.8900139927864075, 0.9456947445869446, 0.9641908407211304, 0.9753969311714172, 0.987872302532196, 1.0, 0.9877074956893921], [0.8137719035148621, 0.8922511339187622, 0.9412693977355957, 0.9555206298828125, 0.9639037251472473, 0.9762502908706665, 0.9877074956893921, 1.0]], "cosine": [[1.0, 0.04548618569970131, 0.03864212706685066, 0.04541618376970291, 0.028959807008504868, 0.0247129425406456, 0.0063859932124614716, 0.007170879747718573], [0.04548618569970131, 1.0, 0.05019024387001991, 0.047643620520830154, 0.03744439035654068, 0.015880804508924484, 0.008127657696604729, 0.002709330292418599], [0.03864212706685066, 0.05019024387001991, 1.0, 0.052871983498334885, 0.037731580436229706, 0.023021500557661057, 0.0032173071522265673, 0.005848957225680351], [0.04541618376970291, 0.047643620520830154, 0.052871983498334885, 1.0, 0.03665107488632202, 0.02622143179178238, 0.009256836958229542, -0.0002921705599874258], [0.028959807008504868, 0.03744439035654068, 0.037731580436229706, 0.03665107488632202, 1.0, 0.022120263427495956, 0.009418169967830181, 0.0064996229484677315], [0.0247129425406456, 0.015880804508924484, 0.023021500557661057, 0.02622143179178238, 0.022120263427495956, 1.0, -0.0003081235336139798, -0.002970527857542038], [0.0063859932124614716, 0.008127657696604729, 0.0032173071522265673, 0.009256836958229542, 0.009418169967830181, -0.0003081235336139798, 1.0, 0.00811492558568716], [0.007170879747718573, 0.002709330292418599, 0.005848957225680351, -0.0002921705599874258, 0.0064996229484677315, -0.002970527857542038, 0.00811492558568716, 1.0]], "procrustes": [[1.0, 0.9270824193954468, 0.873771071434021, 0.8328399658203125, 0.7948299050331116, 0.7675114274024963, 0.7450655698776245, 0.7325711846351624], [0.9270824193954468, 1.0, 0.9276847839355469, 0.8794222474098206, 0.8374572992324829, 0.805812656879425, 0.7785173058509827, 0.7616568207740784], [0.873771071434021, 0.9276847839355469, 1.0, 0.9314664602279663, 0.8819555640220642, 0.8460090160369873, 0.8154065608978271, 0.7955774664878845], [0.8328399658203125, 0.8794222474098206, 0.9314664602279663, 1.0, 0.9325026273727417, 0.8902295827865601, 0.8556928634643555, 0.8326864838600159], [0.7948299050331116, 0.8374572992324829, 0.8819555640220642, 0.9325026273727417, 1.0, 0.9453069567680359, 0.9055986404418945, 0.8784341216087341], [0.7675114274024963, 0.805812656879425, 0.8460090160369873, 0.8902295827865601, 0.9453069567680359, 1.0, 0.9542919993400574, 0.9236101508140564], [0.7450655698776245, 0.7785173058509827, 0.8154065608978271, 0.8556928634643555, 0.9055986404418945, 0.9542919993400574, 1.0, 0.967191755771637], [0.7325711846351624, 0.7616568207740784, 0.7955774664878845, 0.8326864838600159, 0.8784341216087341, 0.9236101508140564, 0.967191755771637, 1.0]], "pc1_variance": [0.21615909039974213, 0.18268847465515137, 0.18088482320308685, 0.18376344442367554, 0.18293064832687378, 0.1683424413204193, 0.15870210528373718, 0.16295689344406128], "probe_accuracy_per_layer": null}, "cka_trained_vs_init_per_layer": [0.5812010169029236, 0.34783315658569336, 0.1455184519290924, 0.08062361180782318, 0.06741535663604736, 0.06711572408676147, 0.07109641283750534, 0.07726221531629562], "runtime_sec": 292.58983087539673}