{"config": {"input_dim": 3072, "num_classes": 10, "depth": 8, "width": 512, "init_scale": 0.25, "nonlinearity": "relu"}, "dataset": "cifar10", "seed": 0, "epochs": 15, "shuffle_labels": false, "test_accuracy": 0.521, "history": {"train_loss": [2.1471541086021735, 1.9813057780265808, 1.919812571029274, 1.813751802152517, 1.6582604938623857, 1.494605302810669, 1.3814561780618162, 1.2764957766143643, 1.1890749383945853, 1.0963832030490952, 1.0051178615920398, 0.9248783862104222, 0.8534161010567023, 0.8030532987750306, 0.7749756635451803], "val_acc": [0.1834, 0.1916, 0.251, 0.341, 0.3908, 0.4414, 0.468, 0.4832, 0.4888, 0.5072, 0.5108, 0.5168, 0.5178, 0.5214, 0.521], "param_delta_ratio": 4.831131153097183, "n_params": 3417098}, "trained": {"cka": [[1.0, 0.6106405258178711, 0.13097000122070312, 0.10948008298873901, 0.11084115505218506, 0.10389207303524017, 0.11522465944290161, 0.13152557611465454], [0.6106405258178711, 1.0, 0.473328560590744, 0.4289153516292572, 0.433314710855484, 0.40161100029945374, 0.4130808711051941, 0.4617629945278168], [0.13097000122070312, 0.473328560590744, 1.0, 0.9710522294044495, 0.9502807259559631, 0.8259589672088623, 0.7847588658332825, 0.798027515411377], [0.10948008298873901, 0.4289153516292572, 0.9710522294044495, 1.0, 0.9837449789047241, 0.8039764165878296, 0.7591486573219299, 0.7973775863647461], [0.11084115505218506, 0.433314710855484, 0.9502807259559631, 0.9837449789047241, 1.0, 0.8707215189933777, 0.827840268611908, 0.8626068830490112], [0.10389207303524017, 0.40161100029945374, 0.8259589672088623, 0.8039764165878296, 0.8707215189933777, 1.0, 0.9808132648468018, 0.9000555276870728], [0.11522465944290161, 0.4130808711051941, 0.7847588658332825, 0.7591486573219299, 0.827840268611908, 0.9808132648468018, 1.0, 0.9216283559799194], [0.13152557611465454, 0.4617629945278168, 0.798027515411377, 0.7973775863647461, 0.8626068830490112, 0.9000555276870728, 0.9216283559799194, 1.0]], "cosine": [[1.0, 0.024238882586359978, 0.03162801265716553, 0.04001700505614281, 0.012338468804955482, 0.004461097065359354, 0.00824132189154625, 0.006678806152194738], [0.024238882586359978, 1.0, 0.03101627714931965, 0.02895202487707138, 0.024653375148773193, 0.031735729426145554, 0.02455752156674862, 0.019966473802924156], [0.03162801265716553, 0.03101627714931965, 1.0, 0.09205744415521622, 0.09792225062847137, 0.05888397619128227, 0.059544164687395096, 0.07994130253791809], [0.04001700505614281, 0.02895202487707138, 0.09205744415521622, 1.0, 0.07684588432312012, 0.05834473669528961, 0.09068544209003448, 0.0941067636013031], [0.012338468804955482, 0.024653375148773193, 0.09792225062847137, 0.07684588432312012, 1.0, 0.0676269382238388, 0.09205717593431473, 0.05248017981648445], [0.004461097065359354, 0.031735729426145554, 0.05888397619128227, 0.05834473669528961, 0.0676269382238388, 1.0, 0.03657766431570053, 0.0578998327255249], [0.00824132189154625, 0.02455752156674862, 0.059544164687395096, 0.09068544209003448, 0.09205717593431473, 0.03657766431570053, 1.0, 0.07506772130727768], [0.006678806152194738, 0.019966473802924156, 0.07994130253791809, 0.0941067636013031, 0.05248017981648445, 0.0578998327255249, 0.07506772130727768, 1.0]], "procrustes": [[1.0, 0.6937875747680664, 0.37896811962127686, 0.2600710391998291, 0.24025951325893402, 0.23404443264007568, 0.24642738699913025, 0.2599935233592987], [0.6937875747680664, 1.0, 0.643629789352417, 0.47507399320602417, 0.4524858593940735, 0.44705525040626526, 0.45959988236427307, 0.47885647416114807], [0.37896811962127686, 0.643629789352417, 1.0, 0.9171223640441895, 0.8831014633178711, 0.8135868310928345, 0.7929677963256836, 0.7916727066040039], [0.2600710391998291, 0.47507399320602417, 0.9171223640441895, 1.0, 0.9791186451911926, 0.871203601360321, 0.8365370035171509, 0.8388663530349731], [0.24025951325893402, 0.4524858593940735, 0.8831014633178711, 0.9791186451911926, 1.0, 0.9292979836463928, 0.9000515341758728, 0.9013672471046448], [0.23404443264007568, 0.44705525040626526, 0.8135868310928345, 0.871203601360321, 0.9292979836463928, 1.0, 0.9876580238342285, 0.9429560303688049], [0.24642738699913025, 0.45959988236427307, 0.7929677963256836, 0.8365370035171509, 0.9000515341758728, 0.9876580238342285, 1.0, 0.9604989886283875], [0.2599935233592987, 0.47885647416114807, 0.7916727066040039, 0.8388663530349731, 0.9013672471046448, 0.9429560303688049, 0.9604989886283875, 1.0]], "pc1_variance": [0.14181959629058838, 0.17840363085269928, 0.575861930847168, 0.6742057204246521, 0.6229826807975769, 0.5503714680671692, 0.4916496276855469, 0.4397333264350891], "probe_accuracy_per_layer": [0.4140000343322754, 0.44850000739097595, 0.4715000092983246, 0.49800002574920654, 0.5195000171661377, 0.5225000381469727, 0.48600003123283386, 0.5110000371932983]}, "init": {"cka": [[1.0, 0.9665115475654602, 0.9378759264945984, 0.9197404980659485, 0.8996093273162842, 0.869812548160553, 0.860839307308197, 0.8138198256492615], [0.9665115475654602, 1.0, 0.9695121645927429, 0.9460954070091248, 0.923304557800293, 0.89364093542099, 0.8806165456771851, 0.8346848487854004], [0.9378759264945984, 0.9695121645927429, 1.0, 0.9751120209693909, 0.9475154876708984, 0.9188457131385803, 0.9023039937019348, 0.8524958491325378], [0.9197404980659485, 0.9460954070091248, 0.9751120209693909, 1.0, 0.9776846170425415, 0.9499711394309998, 0.9335008263587952, 0.8853353261947632], [0.8996093273162842, 0.923304557800293, 0.9475154876708984, 0.9776846170425415, 1.0, 0.9735930562019348, 0.9561033844947815, 0.9068641066551208], [0.869812548160553, 0.89364093542099, 0.9188457131385803, 0.9499711394309998, 0.9735930562019348, 1.0, 0.9774994850158691, 0.9336246848106384], [0.860839307308197, 0.8806165456771851, 0.9023039937019348, 0.9335008263587952, 0.9561033844947815, 0.9774994850158691, 1.0, 0.9524974822998047], [0.8138198256492615, 0.8346848487854004, 0.8524958491325378, 0.8853353261947632, 0.9068641066551208, 0.9336246848106384, 0.9524974822998047, 1.0]], "cosine": [[1.0, 0.012832418084144592, 0.011369505897164345, -0.0013241010019555688, -0.009344161488115788, -0.007203700020909309, 0.018454182893037796, -0.010407057590782642], [0.012832418084144592, 1.0, -0.0038583457935601473, 0.010870127007365227, -0.006765660829842091, -0.0022864737547934055, -0.010951919481158257, 0.0018185500521212816], [0.011369505897164345, -0.0038583457935601473, 1.0, 0.013295667245984077, 0.00045747222611680627, -0.01752196066081524, 0.0006035274127498269, -0.019318033009767532], [-0.0013241010019555688, 0.010870127007365227, 0.013295667245984077, 1.0, -0.0179692804813385, 0.0008959857514128089, -0.006533924024552107, -0.01348825916647911], [-0.009344161488115788, -0.006765660829842091, 0.00045747222611680627, -0.0179692804813385, 1.0, -0.0006128125241957605, 2.608881550258957e-05, -0.009072380140423775], [-0.007203700020909309, -0.0022864737547934055, -0.01752196066081524, 0.0008959857514128089, -0.0006128125241957605, 1.0, -0.00812576711177826, -0.003468848066404462], [0.018454182893037796, -0.010951919481158257, 0.0006035274127498269, -0.006533924024552107, 2.608881550258957e-05, -0.00812576711177826, 1.0, 0.008855072781443596], [-0.010407057590782642, 0.0018185500521212816, -0.019318033009767532, -0.01348825916647911, -0.009072380140423775, -0.003468848066404462, 0.008855072781443596, 1.0]], "procrustes": [[1.0, 0.8949986696243286, 0.8457438349723816, 0.8117761611938477, 0.7870723009109497, 0.7636991143226624, 0.7473567128181458, 0.7105178236961365], [0.8949986696243286, 1.0, 0.936279833316803, 0.8936155438423157, 0.862248957157135, 0.83396977186203, 0.8135324716567993, 0.7690536379814148], [0.8457438349723816, 0.936279833316803, 1.0, 0.9586832523345947, 0.9262275695800781, 0.8966385722160339, 0.8744935989379883, 0.8256441950798035], [0.8117761611938477, 0.8936155438423157, 0.9586832523345947, 1.0, 0.970016360282898, 0.9416942596435547, 0.9199708104133606, 0.8692660927772522], [0.7870723009109497, 0.862248957157135, 0.9262275695800781, 0.970016360282898, 1.0, 0.9731695055961609, 0.951682984828949, 0.8996086716651917], [0.7636991143226624, 0.83396977186203, 0.8966385722160339, 0.9416942596435547, 0.9731695055961609, 1.0, 0.97914719581604, 0.9282117486000061], [0.7473567128181458, 0.8135324716567993, 0.8744935989379883, 0.9199708104133606, 0.951682984828949, 0.97914719581604, 1.0, 0.9502736330032349], [0.7105178236961365, 0.7690536379814148, 0.8256441950798035, 0.8692660927772522, 0.8996086716651917, 0.9282117486000061, 0.9502736330032349, 1.0]], "pc1_variance": [0.21920418739318848, 0.21020649373531342, 0.2375037521123886, 0.2290472835302353, 0.2236066460609436, 0.21924401819705963, 0.22489432990550995, 0.21886874735355377], "probe_accuracy_per_layer": null}, "cka_trained_vs_init_per_layer": [0.608626127243042, 0.32483163475990295, 0.06140638515353203, 0.0501411110162735, 0.05114400386810303, 0.05036161094903946, 0.058403629809617996, 0.06373460590839386], "runtime_sec": 21.69927167892456}