{"config": {"input_dim": 3072, "num_classes": 10, "depth": 4, "width": 512, "init_scale": 1.0, "nonlinearity": "relu"}, "dataset": "cifar10", "seed": 0, "epochs": 15, "shuffle_labels": false, "test_accuracy": 0.5548, "history": {"train_loss": [1.702369930792828, 1.4514530909304717, 1.3157406753423262, 1.196164263754475, 1.086636897860741, 0.9772251071978588, 0.8552934192881292, 0.7336795476018166, 0.5911916597765319, 0.4659303490604673, 0.3368646709286437, 0.24030767365985986, 0.17509957889513095, 0.13935473606902726, 0.12298999110959014], "val_acc": [0.46, 0.4832, 0.499, 0.5262, 0.5346, 0.5368, 0.5434, 0.545, 0.5432, 0.5544, 0.5412, 0.555, 0.5564, 0.5536, 0.5548], "param_delta_ratio": 1.548881162753409, "n_params": 2366474}, "trained": {"cka": [[1.0, 0.7731904983520508, 0.40610015392303467, 0.21114838123321533], [0.7731904983520508, 1.0, 0.6956987380981445, 0.44262969493865967], [0.40610015392303467, 0.6956987380981445, 1.0, 0.901244044303894], [0.21114838123321533, 0.44262969493865967, 0.901244044303894, 1.0]], "cosine": [[1.0, 0.0359647311270237, 0.02410455234348774, 0.029411092400550842], [0.0359647311270237, 1.0, 0.027199046686291695, 0.04453073441982269], [0.02410455234348774, 0.027199046686291695, 1.0, 0.05775590240955353], [0.029411092400550842, 0.04453073441982269, 0.05775590240955353, 1.0]], "procrustes": [[1.0, 0.7680128812789917, 0.6312054395675659, 0.4382610321044922], [0.7680128812789917, 1.0, 0.7951743602752686, 0.561965823173523], [0.6312054395675659, 0.7951743602752686, 1.0, 0.8137955069541931], [0.4382610321044922, 0.561965823173523, 0.8137955069541931, 1.0]], "pc1_variance": [0.1037793755531311, 0.06176227331161499, 0.1331271529197693, 0.34399235248565674], "probe_accuracy_per_layer": [0.3915000259876251, 0.45650002360343933, 0.4595000147819519, 0.49650001525878906]}, "init": {"cka": [[1.0, 0.9507820010185242, 0.8597020506858826, 0.7915232181549072], [0.9507820010185242, 1.0, 0.9509304761886597, 0.8949234485626221], [0.8597020506858826, 0.9509304761886597, 1.0, 0.9603759050369263], [0.7915232181549072, 0.8949234485626221, 0.9603759050369263, 1.0]], "cosine": [[1.0, 0.0520482175052166, 0.055923156440258026, 0.025485357269644737], [0.0520482175052166, 1.0, 0.046585626900196075, 0.042986854910850525], [0.055923156440258026, 0.046585626900196075, 1.0, 0.04780885949730873], [0.025485357269644737, 0.042986854910850525, 0.04780885949730873, 1.0]], "procrustes": [[1.0, 0.8857572078704834, 0.8100242018699646, 0.7542890906333923], [0.8857572078704834, 1.0, 0.895153284072876, 0.82492995262146], [0.8100242018699646, 0.895153284072876, 1.0, 0.9022119045257568], [0.7542890906333923, 0.82492995262146, 0.9022119045257568, 1.0]], "pc1_variance": [0.21789848804473877, 0.20574063062667847, 0.20548434555530548, 0.19407175481319427], "probe_accuracy_per_layer": null}, "cka_trained_vs_init_per_layer": [0.6111522912979126, 0.4018978178501129, 0.21930713951587677, 0.14122523367404938], "runtime_sec": 8.457804679870605}