{"config": {"input_dim": 3072, "num_classes": 10, "depth": 4, "width": 512, "init_scale": 1.0, "nonlinearity": "relu"}, "dataset": "cifar10", "seed": 1, "epochs": 15, "shuffle_labels": false, "test_accuracy": 0.563, "history": {"train_loss": [1.7051088822131255, 1.4552692442524189, 1.3190719083863862, 1.2076202363384014, 1.09739295134739, 0.9857507968435482, 0.865912817570628, 0.7481071967251447, 0.6060171589559439, 0.4758211465514436, 0.35231709662748845, 0.2532631843065729, 0.18940054473220086, 0.1509378299269141, 0.1338197432306348], "val_acc": [0.4468, 0.4928, 0.5064, 0.5272, 0.535, 0.541, 0.544, 0.543, 0.5488, 0.5528, 0.5636, 0.5636, 0.563, 0.5654, 0.563], "param_delta_ratio": 1.5296590406472772, "n_params": 2366474}, "trained": {"cka": [[1.0, 0.762944221496582, 0.3990142345428467, 0.20689940452575684], [0.762944221496582, 1.0, 0.699742317199707, 0.4663386642932892], [0.3990142345428467, 0.699742317199707, 1.0, 0.9156976938247681], [0.20689940452575684, 0.4663386642932892, 0.9156976938247681, 1.0]], "cosine": [[1.0, 0.030946459621191025, 0.03204021602869034, 0.03234012797474861], [0.030946459621191025, 1.0, 0.021831784397363663, 0.024256402626633644], [0.03204021602869034, 0.021831784397363663, 1.0, 0.06269413977861404], [0.03234012797474861, 0.024256402626633644, 0.06269413977861404, 1.0]], "procrustes": [[1.0, 0.7712763547897339, 0.6308118104934692, 0.43886691331863403], [0.7712763547897339, 1.0, 0.7944196462631226, 0.5688028335571289], [0.6308118104934692, 0.7944196462631226, 1.0, 0.823165774345398], [0.43886691331863403, 0.5688028335571289, 0.823165774345398, 1.0]], "pc1_variance": [0.10113197565078735, 0.060682471841573715, 0.14779847860336304, 0.3556053042411804], "probe_accuracy_per_layer": [0.4130000174045563, 0.4545000195503235, 0.460500031709671, 0.4805000126361847]}, "init": {"cka": [[1.0, 0.9559954404830933, 0.8947148323059082, 0.8485745787620544], [0.9559954404830933, 1.0, 0.9602088332176208, 0.9195062518119812], [0.8947148323059082, 0.9602088332176208, 1.0, 0.9653035998344421], [0.8485745787620544, 0.9195062518119812, 0.9653035998344421, 1.0]], "cosine": [[1.0, 0.028274599462747574, 0.03605165705084801, 0.017332574352622032], [0.028274599462747574, 1.0, 0.030106207355856895, 0.0507565401494503], [0.03605165705084801, 0.030106207355856895, 1.0, 0.037220560014247894], [0.017332574352622032, 0.0507565401494503, 0.037220560014247894, 1.0]], "procrustes": [[1.0, 0.8851743340492249, 0.8091325163841248, 0.7545763254165649], [0.8851743340492249, 1.0, 0.8916928768157959, 0.8200453519821167], [0.8091325163841248, 0.8916928768157959, 1.0, 0.89698725938797], [0.7545763254165649, 0.8200453519821167, 0.89698725938797, 1.0]], "pc1_variance": [0.2258136123418808, 0.20224881172180176, 0.17599791288375854, 0.1719779521226883], "probe_accuracy_per_layer": null}, "cka_trained_vs_init_per_layer": [0.5885869860649109, 0.43512260913848877, 0.23940347135066986, 0.12376881390810013], "runtime_sec": 8.061683416366577}