{"config": {"input_dim": 3072, "num_classes": 10, "depth": 4, "width": 128, "init_scale": 1.0, "nonlinearity": "relu"}, "dataset": "cifar10", "seed": 2, "epochs": 15, "shuffle_labels": false, "test_accuracy": 0.5432, "history": {"train_loss": [1.7710572262199558, 1.512988344747193, 1.3957293556661021, 1.3118711941096248, 1.2443828412464686, 1.1714514092523225, 1.11878041345246, 1.0582092903098281, 1.0027630243982588, 0.9549248936224957, 0.9124047257462327, 0.8769723766920517, 0.8489387272572031, 0.8296953664750469, 0.8192840096901874], "val_acc": [0.4386, 0.4814, 0.4832, 0.502, 0.5182, 0.5222, 0.5378, 0.5386, 0.5316, 0.5406, 0.5484, 0.5428, 0.5434, 0.5442, 0.5432], "param_delta_ratio": 1.56824335092786, "n_params": 444170}, "trained": {"cka": [[1.0, 0.8368983864784241, 0.596636176109314, 0.382761150598526], [0.8368983864784241, 1.0, 0.8290269374847412, 0.6132932305335999], [0.596636176109314, 0.8290269374847412, 1.0, 0.8981760144233704], [0.382761150598526, 0.6132932305335999, 0.8981760144233704, 1.0]], "cosine": [[1.0, 0.06699750572443008, 0.05363355576992035, 0.03500370308756828], [0.06699750572443008, 1.0, 0.06325161457061768, 0.06720992177724838], [0.05363355576992035, 0.06325161457061768, 1.0, 0.09282838553190231], [0.03500370308756828, 0.06720992177724838, 0.09282838553190231, 1.0]], "procrustes": [[1.0, 0.8521043062210083, 0.7247269153594971, 0.5766342282295227], [0.8521043062210083, 1.0, 0.867255687713623, 0.7238316535949707], [0.7247269153594971, 0.867255687713623, 1.0, 0.8870885372161865], [0.5766342282295227, 0.7238316535949707, 0.8870885372161865, 1.0]], "pc1_variance": [0.1082230806350708, 0.11563021689653397, 0.17233110964298248, 0.35582461953163147], "probe_accuracy_per_layer": [0.45350003242492676, 0.4765000343322754, 0.5080000162124634, 0.5125000476837158]}, "init": {"cka": [[1.0, 0.8854538202285767, 0.749239981174469, 0.6462002992630005], [0.8854538202285767, 1.0, 0.8880169987678528, 0.7795488834381104], [0.749239981174469, 0.8880169987678528, 1.0, 0.9038565158843994], [0.6462002992630005, 0.7795488834381104, 0.9038565158843994, 1.0]], "cosine": [[1.0, 0.07557807117700577, 0.028084099292755127, 0.04095388576388359], [0.07557807117700577, 1.0, 0.06222622096538544, 0.029478799551725388], [0.028084099292755127, 0.06222622096538544, 1.0, 0.053034570068120956], [0.04095388576388359, 0.029478799551725388, 0.053034570068120956, 1.0]], "procrustes": [[1.0, 0.842052161693573, 0.7420220375061035, 0.6726306676864624], [0.842052161693573, 1.0, 0.866489052772522, 0.7777013778686523], [0.7420220375061035, 0.866489052772522, 1.0, 0.8859328031539917], [0.6726306676864624, 0.7777013778686523, 0.8859328031539917, 1.0]], "pc1_variance": [0.20663414895534515, 0.19726811349391937, 0.1898813098669052, 0.19201494753360748], "probe_accuracy_per_layer": null}, "cka_trained_vs_init_per_layer": [0.6907147169113159, 0.44146618247032166, 0.3015282154083252, 0.21213345229625702], "runtime_sec": 6.777039289474487}