{"config": {"input_dim": 3072, "num_classes": 10, "depth": 8, "width": 512, "init_scale": 1.0, "nonlinearity": "relu"}, "dataset": "cifar10", "seed": 2, "epochs": 15, "shuffle_labels": false, "test_accuracy": 0.5294, "history": {"train_loss": [1.9184338304461266, 1.675516464272324, 1.4924230466083603, 1.3739251871498264, 1.2546180121752681, 1.1438266038894653, 1.0414670912586912, 0.918882888798811, 0.7897655264455445, 0.6525835680718325, 0.5140903710710759, 0.38410753650324686, 0.2780487368605575, 0.2099956093089921, 0.17683620811725148], "val_acc": [0.3426, 0.415, 0.4714, 0.4936, 0.5106, 0.5114, 0.5294, 0.527, 0.5214, 0.5302, 0.5266, 0.5312, 0.5272, 0.5318, 0.5294], "param_delta_ratio": 1.2022418182624008, "n_params": 3417098}, "trained": {"cka": [[1.0, 0.667823314666748, 0.33943095803260803, 0.1595115065574646, 0.12001114338636398, 0.11048739403486252, 0.11313880234956741, 0.12069790065288544], [0.667823314666748, 1.0, 0.6640840172767639, 0.4036266505718231, 0.32833948731422424, 0.30169275403022766, 0.299661785364151, 0.31440475583076477], [0.33943095803260803, 0.6640840172767639, 1.0, 0.8708672523498535, 0.7826801538467407, 0.7299603223800659, 0.7066351175308228, 0.7149755954742432], [0.1595115065574646, 0.4036266505718231, 0.8708672523498535, 1.0, 0.973442018032074, 0.9369036555290222, 0.9058027267456055, 0.8937684893608093], [0.12001114338636398, 0.32833948731422424, 0.7826801538467407, 0.973442018032074, 1.0, 0.9852226376533508, 0.9619183540344238, 0.9432740211486816], [0.11048739403486252, 0.30169275403022766, 0.7299603223800659, 0.9369036555290222, 0.9852226376533508, 1.0, 0.9913915991783142, 0.9718822240829468], [0.11313880234956741, 0.299661785364151, 0.7066351175308228, 0.9058027267456055, 0.9619183540344238, 0.9913915991783142, 1.0, 0.9879775047302246], [0.12069790065288544, 0.31440475583076477, 0.7149755954742432, 0.8937684893608093, 0.9432740211486816, 0.9718822240829468, 0.9879775047302246, 1.0]], "cosine": [[1.0, 0.027127781882882118, 0.033678892999887466, 0.036173928529024124, 0.026615343987941742, 0.02421816624701023, 0.014436823315918446, 0.013171167112886906], [0.027127781882882118, 1.0, 0.035496193915605545, 0.022384217008948326, 0.03329052776098251, 0.026994869112968445, 0.02553989738225937, 0.024198565632104874], [0.033678892999887466, 0.035496193915605545, 1.0, 0.06431107223033905, 0.05109887570142746, 0.04908613860607147, 0.07523386925458908, 0.04051733762025833], [0.036173928529024124, 0.022384217008948326, 0.06431107223033905, 1.0, 0.12237271666526794, 0.057729147374629974, 0.07919661700725555, 0.07161854207515717], [0.026615343987941742, 0.03329052776098251, 0.05109887570142746, 0.12237271666526794, 1.0, 0.11257338523864746, 0.09488026797771454, 0.10226554423570633], [0.02421816624701023, 0.026994869112968445, 0.04908613860607147, 0.057729147374629974, 0.11257338523864746, 1.0, 0.08340305835008621, 0.10404523462057114], [0.014436823315918446, 0.02553989738225937, 0.07523386925458908, 0.07919661700725555, 0.09488026797771454, 0.08340305835008621, 1.0, 0.07595475018024445], [0.013171167112886906, 0.024198565632104874, 0.04051733762025833, 0.07161854207515717, 0.10226554423570633, 0.10404523462057114, 0.07595475018024445, 1.0]], "procrustes": [[1.0, 0.7280123829841614, 0.5540438890457153, 0.3876201808452606, 0.2840386629104614, 0.2530992329120636, 0.24840715527534485, 0.2508450150489807], [0.7280123829841614, 1.0, 0.7496187686920166, 0.5510509610176086, 0.4188264012336731, 0.3761024475097656, 0.36669671535491943, 0.3685249090194702], [0.5540438890457153, 0.7496187686920166, 1.0, 0.8007031083106995, 0.6719161868095398, 0.6215295195579529, 0.6031064987182617, 0.5974730253219604], [0.3876201808452606, 0.5510509610176086, 0.8007031083106995, 1.0, 0.9339569807052612, 0.8963547348976135, 0.8719500303268433, 0.8553764224052429], [0.2840386629104614, 0.4188264012336731, 0.6719161868095398, 0.9339569807052612, 1.0, 0.9848745465278625, 0.9677796363830566, 0.9491433501243591], [0.2530992329120636, 0.3761024475097656, 0.6215295195579529, 0.8963547348976135, 0.9848745465278625, 1.0, 0.9927900433540344, 0.9789033532142639], [0.24840715527534485, 0.36669671535491943, 0.6031064987182617, 0.8719500303268433, 0.9677796363830566, 0.9927900433540344, 1.0, 0.9920411109924316], [0.2508450150489807, 0.3685249090194702, 0.5974730253219604, 0.8553764224052429, 0.9491433501243591, 0.9789033532142639, 0.9920411109924316, 1.0]], "pc1_variance": [0.112442247569561, 0.09990829974412918, 0.16312943398952484, 0.3026804029941559, 0.3785594403743744, 0.3950181305408478, 0.38566309213638306, 0.3782886862754822], "probe_accuracy_per_layer": [0.41700002551078796, 0.4300000071525574, 0.43700000643730164, 0.45250001549720764, 0.47950002551078796, 0.5139999985694885, 0.5024999976158142, 0.5100000500679016]}, "init": {"cka": [[1.0, 0.9602048993110657, 0.8792595267295837, 0.8027399778366089, 0.7909613847732544, 0.7263361811637878, 0.7053703665733337, 0.7114078402519226], [0.9602048993110657, 1.0, 0.9507619738578796, 0.8918796181678772, 0.8709954619407654, 0.8121455311775208, 0.7871814966201782, 0.7849103212356567], [0.8792595267295837, 0.9507619738578796, 1.0, 0.9589655995368958, 0.9287812113761902, 0.8803904056549072, 0.8476304411888123, 0.8324534893035889], [0.8027399778366089, 0.8918796181678772, 0.9589655995368958, 1.0, 0.9627430438995361, 0.9258575439453125, 0.8911569714546204, 0.8679619431495667], [0.7909613847732544, 0.8709954619407654, 0.9287812113761902, 0.9627430438995361, 1.0, 0.9639236927032471, 0.9262513518333435, 0.9031132459640503], [0.7263361811637878, 0.8121455311775208, 0.8803904056549072, 0.9258575439453125, 0.9639236927032471, 1.0, 0.9594776034355164, 0.9286941885948181], [0.7053703665733337, 0.7871814966201782, 0.8476304411888123, 0.8911569714546204, 0.9262513518333435, 0.9594776034355164, 1.0, 0.9700457453727722], [0.7114078402519226, 0.7849103212356567, 0.8324534893035889, 0.8679619431495667, 0.9031132459640503, 0.9286941885948181, 0.9700457453727722, 1.0]], "cosine": [[1.0, 0.06160851940512657, 0.044233713299036026, 0.027304427698254585, 0.022756604477763176, 0.009074182249605656, 0.004084306303411722, -0.010669657960534096], [0.06160851940512657, 1.0, 0.038068562746047974, 0.03631782904267311, 0.027933968231081963, 0.010061445645987988, -0.005034430418163538, 0.02295798622071743], [0.044233713299036026, 0.038068562746047974, 1.0, 0.0439528226852417, 0.019422460347414017, 0.012579242698848248, -0.0025793854147195816, -0.0026771118864417076], [0.027304427698254585, 0.03631782904267311, 0.0439528226852417, 1.0, 0.022716958075761795, 0.006818481255322695, 0.0038622927386313677, -0.0043052746914327145], [0.022756604477763176, 0.027933968231081963, 0.019422460347414017, 0.022716958075761795, 1.0, 0.008286014199256897, 0.010186728090047836, -0.01798117533326149], [0.009074182249605656, 0.010061445645987988, 0.012579242698848248, 0.006818481255322695, 0.008286014199256897, 1.0, -0.014295818284153938, 0.004034104757010937], [0.004084306303411722, -0.005034430418163538, -0.0025793854147195816, 0.0038622927386313677, 0.010186728090047836, -0.014295818284153938, 1.0, 0.005905698053538799], [-0.010669657960534096, 0.02295798622071743, -0.0026771118864417076, -0.0043052746914327145, -0.01798117533326149, 0.004034104757010937, 0.005905698053538799, 1.0]], "procrustes": [[1.0, 0.8851571679115295, 0.8104082345962524, 0.753349244594574, 0.7184150218963623, 0.683501660823822, 0.6616442799568176, 0.6489052772521973], [0.8851571679115295, 1.0, 0.8945993185043335, 0.8222965002059937, 0.7771158218383789, 0.7386087775230408, 0.7118635177612305, 0.6952673196792603], [0.8104082345962524, 0.8945993185043335, 1.0, 0.8979814052581787, 0.8405985832214355, 0.7974473237991333, 0.7650488018989563, 0.7442358732223511], [0.753349244594574, 0.8222965002059937, 0.8979814052581787, 1.0, 0.9196532964706421, 0.8704279661178589, 0.8317513465881348, 0.8052951097488403], [0.7184150218963623, 0.7771158218383789, 0.8405985832214355, 0.9196532964706421, 1.0, 0.9428987503051758, 0.8983580470085144, 0.8692070245742798], [0.683501660823822, 0.7386087775230408, 0.7974473237991333, 0.8704279661178589, 0.9428987503051758, 1.0, 0.9514780044555664, 0.9201875329017639], [0.6616442799568176, 0.7118635177612305, 0.7650488018989563, 0.8317513465881348, 0.8983580470085144, 0.9514780044555664, 1.0, 0.9692269563674927], [0.6489052772521973, 0.6952673196792603, 0.7442358732223511, 0.8052951097488403, 0.8692070245742798, 0.9201875329017639, 0.9692269563674927, 1.0]], "pc1_variance": [0.22584432363510132, 0.2018376588821411, 0.17024751007556915, 0.17350520193576813, 0.17663362622261047, 0.17238333821296692, 0.16904927790164948, 0.17629097402095795], "probe_accuracy_per_layer": null}, "cka_trained_vs_init_per_layer": [0.5746294260025024, 0.33498451113700867, 0.19304664433002472, 0.09752790629863739, 0.08429400622844696, 0.0772685557603836, 0.07425018399953842, 0.07737544924020767], "runtime_sec": 14.404548406600952}