{"config": {"input_dim": 3072, "num_classes": 10, "depth": 16, "width": 512, "init_scale": 1.0, "nonlinearity": "relu"}, "dataset": "cifar10", "seed": 0, "epochs": 15, "shuffle_labels": false, "test_accuracy": 0.4238, "history": {"train_loss": [2.1281872124088053, 1.9558709543578479, 1.871381281589975, 1.7974737286567688, 1.7584059992615058, 1.6996552177837916, 1.6642042836364435, 1.6385757485214545, 1.6037350114510984, 1.5987995157436448, 1.5967371999001017, 1.548688783937571, 1.5126381431307112, 1.482746278753086, 1.4666451738805186], "val_acc": [0.1914, 0.2374, 0.2766, 0.3364, 0.3392, 0.3622, 0.3716, 0.3638, 0.376, 0.402, 0.3992, 0.4108, 0.4166, 0.4222, 0.4238], "param_delta_ratio": 0.9055607408516649, "n_params": 5518346}, "trained": {"cka": [[1.0, 0.7024973630905151, 0.14439831674098969, 0.07580389827489853, 0.06905695050954819, 0.06790541857481003, 0.06786621361970901, 0.06783037632703781, 0.06782783567905426, 0.06782811880111694, 0.06783033907413483, 0.06785191595554352, 0.06818897277116776, 0.06914214044809341, 0.07975611090660095, 0.137216255068779], [0.7024973630905151, 1.0, 0.3435828387737274, 0.22288180887699127, 0.20729905366897583, 0.20434793829917908, 0.20424845814704895, 0.20415155589580536, 0.20414486527442932, 0.20414499938488007, 0.20414794981479645, 0.2041790932416916, 0.20467112958431244, 0.205508753657341, 0.2179245799779892, 0.29200777411460876], [0.14439831674098969, 0.3435828387737274, 1.0, 0.9810925126075745, 0.9709761142730713, 0.9683898091316223, 0.9682988524436951, 0.9682034254074097, 0.9681971669197083, 0.9681968092918396, 0.9681968092918396, 0.9682031273841858, 0.9683049917221069, 0.9674989581108093, 0.9590402841567993, 0.8937197327613831], [0.07580389827489853, 0.22288180887699127, 0.9810925126075745, 1.0, 0.9982719421386719, 0.9974127411842346, 0.9973801970481873, 0.9973450303077698, 0.9973427057266235, 0.9973424077033997, 0.9973424077033997, 0.9973435997962952, 0.9973580241203308, 0.9968329668045044, 0.9871061444282532, 0.9005524516105652], [0.06905695050954819, 0.20729905366897583, 0.9709761142730713, 0.9982719421386719, 1.0, 0.9999105334281921, 0.9999043941497803, 0.9998975396156311, 0.9998970627784729, 0.999896764755249, 0.9998969435691833, 0.9998971223831177, 0.9998926520347595, 0.999589741230011, 0.9902099967002869, 0.8990637063980103], [0.06790541857481003, 0.20434793829917908, 0.9683898091316223, 0.9974127411842346, 0.9999105334281921, 1.0, 0.9999998807907104, 0.9999995231628418, 0.999999463558197, 0.9999992251396179, 0.999999463558197, 0.9999993443489075, 0.9999905824661255, 0.9997426867485046, 0.9904658198356628, 0.8983623385429382], [0.06786621361970901, 0.20424845814704895, 0.9682988524436951, 0.9973801970481873, 0.9999043941497803, 0.9999998807907104, 1.0, 1.0, 0.9999998211860657, 0.9999998211860657, 0.9999998807907104, 0.9999996423721313, 0.9999908208847046, 0.9997447729110718, 0.9904723763465881, 0.8983364105224609], [0.06783037632703781, 0.20415155589580536, 0.9682034254074097, 0.9973450303077698, 0.9998975396156311, 0.9999995231628418, 1.0, 1.0, 1.0, 0.9999999403953552, 1.0000001192092896, 0.9999998807907104, 0.9999908208847046, 0.999746561050415, 0.9904781579971313, 0.8983092308044434], [0.06782783567905426, 0.20414486527442932, 0.9681971669197083, 0.9973427057266235, 0.9998970627784729, 0.999999463558197, 0.9999998211860657, 1.0, 1.0, 0.9999999403953552, 1.0, 1.0, 0.9999906420707703, 0.9997467398643494, 0.9904792904853821, 0.8983084559440613], [0.06782811880111694, 0.20414499938488007, 0.9681968092918396, 0.9973424077033997, 0.999896764755249, 0.9999992251396179, 0.9999998211860657, 0.9999999403953552, 0.9999999403953552, 1.0, 1.0, 0.9999998807907104, 0.9999905824661255, 0.9997467994689941, 0.9904807209968567, 0.8983120918273926], [0.06783033907413483, 0.20414794981479645, 0.9681968092918396, 0.9973424077033997, 0.9998969435691833, 0.999999463558197, 0.9999998807907104, 1.0000001192092896, 1.0, 1.0, 1.0, 1.0, 0.9999908804893494, 0.9997481107711792, 0.9904870390892029, 0.8983290791511536], [0.06785191595554352, 0.2041790932416916, 0.9682031273841858, 0.9973435997962952, 0.9998971223831177, 0.9999993443489075, 0.9999996423721313, 0.9999998807907104, 1.0, 0.9999998807907104, 1.0, 1.0, 0.9999926090240479, 0.9997528195381165, 0.9905188083648682, 0.8984399437904358], [0.06818897277116776, 0.20467112958431244, 0.9683049917221069, 0.9973580241203308, 0.9998926520347595, 0.9999905824661255, 0.9999908208847046, 0.9999908208847046, 0.9999906420707703, 0.9999905824661255, 0.9999908804893494, 0.9999926090240479, 1.0, 0.9998140335083008, 0.990972638130188, 0.8999876379966736], [0.06914214044809341, 0.205508753657341, 0.9674989581108093, 0.9968329668045044, 0.999589741230011, 0.9997426867485046, 0.9997447729110718, 0.999746561050415, 0.9997467398643494, 0.9997467994689941, 0.9997481107711792, 0.9997528195381165, 0.9998140335083008, 1.0, 0.9932687282562256, 0.9061075448989868], [0.07975611090660095, 0.2179245799779892, 0.9590402841567993, 0.9871061444282532, 0.9902099967002869, 0.9904658198356628, 0.9904723763465881, 0.9904781579971313, 0.9904792904853821, 0.9904807209968567, 0.9904870390892029, 0.9905188083648682, 0.990972638130188, 0.9932687282562256, 1.0, 0.9435588717460632], [0.137216255068779, 0.29200777411460876, 0.8937197327613831, 0.9005524516105652, 0.8990637063980103, 0.8983623385429382, 0.8983364105224609, 0.8983092308044434, 0.8983084559440613, 0.8983120918273926, 0.8983290791511536, 0.8984399437904358, 0.8999876379966736, 0.9061075448989868, 0.9435588717460632, 1.0]], "cosine": [[1.0, 0.032056815922260284, 0.012975325807929039, 0.020619314163923264, 0.010126173496246338, 0.01106900442391634, 0.009253454394638538, 0.015469188801944256, 0.009866755455732346, 0.007975272834300995, 0.006793764885514975, 0.001807522145099938, 0.010741986334323883, 0.016428012400865555, 0.005028237123042345, 0.01779131032526493], [0.032056815922260284, 1.0, 0.09445668011903763, 0.06180159002542496, 0.07212913036346436, 0.05177827179431915, 0.0449078232049942, 0.027677258476614952, 0.026226457208395004, 0.03463401272892952, 0.025927135720849037, 0.050448644906282425, 0.04103666916489601, 0.016262203454971313, 0.0029970244504511356, 0.006753160152584314], [0.012975325807929039, 0.09445668011903763, 1.0, 0.21428735554218292, 0.20513607561588287, 0.18902555108070374, 0.17466701567173004, 0.15528270602226257, 0.15229538083076477, 0.13254927098751068, 0.13859765231609344, 0.08166906982660294, 0.08991140127182007, 0.15494276583194733, 0.08367599546909332, 0.008045954629778862], [0.020619314163923264, 0.06180159002542496, 0.21428735554218292, 1.0, 0.22242958843708038, 0.18512652814388275, 0.19928239285945892, 0.13649582862854004, 0.16401343047618866, 0.19005705416202545, 0.09791089594364166, 0.1476040482521057, 0.14659126102924347, 0.19891351461410522, 0.0667981207370758, -0.003912192303687334], [0.010126173496246338, 0.07212913036346436, 0.20513607561588287, 0.22242958843708038, 1.0, 0.28869712352752686, 0.24692583084106445, 0.18244677782058716, 0.13965144753456116, 0.16639503836631775, 0.07393792271614075, 0.11547636240720749, 0.10017448663711548, 0.18576908111572266, 0.1308891922235489, 0.027670131996273994], [0.01106900442391634, 0.05177827179431915, 0.18902555108070374, 0.18512652814388275, 0.28869712352752686, 1.0, 0.16835913062095642, 0.1518545299768448, 0.12209391593933105, 0.20342248678207397, 0.15092556178569794, 0.09019133448600769, 0.14201033115386963, 0.08075527101755142, 0.09212414175271988, 0.02349327690899372], [0.009253454394638538, 0.0449078232049942, 0.17466701567173004, 0.19928239285945892, 0.24692583084106445, 0.16835913062095642, 1.0, 0.17690007388591766, 0.10820753872394562, 0.12385337799787521, 0.13464972376823425, 0.09390699118375778, 0.14640548825263977, 0.11626254767179489, 0.06156523898243904, 0.017298204824328423], [0.015469188801944256, 0.027677258476614952, 0.15528270602226257, 0.13649582862854004, 0.18244677782058716, 0.1518545299768448, 0.17690007388591766, 1.0, 0.06781934946775436, 0.16114120185375214, 0.10145662724971771, 0.17702621221542358, 0.09270384907722473, 0.18601635098457336, 0.05209997296333313, 0.056050896644592285], [0.009866755455732346, 0.026226457208395004, 0.15229538083076477, 0.16401343047618866, 0.13965144753456116, 0.12209391593933105, 0.10820753872394562, 0.06781934946775436, 1.0, 0.09920553863048553, 0.020058710128068924, 0.0710165724158287, 0.045453935861587524, 0.04094778746366501, 0.06136787682771683, 0.016415243968367577], [0.007975272834300995, 0.03463401272892952, 0.13254927098751068, 0.19005705416202545, 0.16639503836631775, 0.20342248678207397, 0.12385337799787521, 0.16114120185375214, 0.09920553863048553, 1.0, 0.1056080162525177, 0.11620323359966278, 0.13302460312843323, 0.04996487870812416, 0.016822906211018562, 0.03398260474205017], [0.006793764885514975, 0.025927135720849037, 0.13859765231609344, 0.09791089594364166, 0.07393792271614075, 0.15092556178569794, 0.13464972376823425, 0.10145662724971771, 0.020058710128068924, 0.1056080162525177, 1.0, 0.02645551599562168, 0.028703520074486732, 0.12709513306617737, 0.156328484416008, 0.03701883926987648], [0.001807522145099938, 0.050448644906282425, 0.08166906982660294, 0.1476040482521057, 0.11547636240720749, 0.09019133448600769, 0.09390699118375778, 0.17702621221542358, 0.0710165724158287, 0.11620323359966278, 0.02645551599562168, 1.0, 0.10403081774711609, 0.12880398333072662, 0.07206099480390549, 0.0015889027854427695], [0.010741986334323883, 0.04103666916489601, 0.08991140127182007, 0.14659126102924347, 0.10017448663711548, 0.14201033115386963, 0.14640548825263977, 0.09270384907722473, 0.045453935861587524, 0.13302460312843323, 0.028703520074486732, 0.10403081774711609, 1.0, 0.07912503927946091, 0.03080495446920395, -0.003273878013715148], [0.016428012400865555, 0.016262203454971313, 0.15494276583194733, 0.19891351461410522, 0.18576908111572266, 0.08075527101755142, 0.11626254767179489, 0.18601635098457336, 0.04094778746366501, 0.04996487870812416, 0.12709513306617737, 0.12880398333072662, 0.07912503927946091, 1.0, 0.10100475698709488, 0.02969127707183361], [0.005028237123042345, 0.0029970244504511356, 0.08367599546909332, 0.0667981207370758, 0.1308891922235489, 0.09212414175271988, 0.06156523898243904, 0.05209997296333313, 0.06136787682771683, 0.016822906211018562, 0.156328484416008, 0.07206099480390549, 0.03080495446920395, 0.10100475698709488, 1.0, 0.0298105888068676], [0.01779131032526493, 0.006753160152584314, 0.008045954629778862, -0.003912192303687334, 0.027670131996273994, 0.02349327690899372, 0.017298204824328423, 0.056050896644592285, 0.016415243968367577, 0.03398260474205017, 0.03701883926987648, 0.0015889027854427695, -0.003273878013715148, 0.02969127707183361, 0.0298105888068676, 1.0]], "procrustes": [[1.0, 0.7557370662689209, 0.34666088223457336, 0.1659441590309143, 0.13601335883140564, 0.12950290739536285, 0.12846511602401733, 0.1281670480966568, 0.1281556487083435, 0.12831522524356842, 0.1287941038608551, 0.13028480112552643, 0.13696442544460297, 0.14976675808429718, 0.1863260567188263, 0.2589045763015747], [0.7557370662689209, 1.0, 0.6060972809791565, 0.3488582372665405, 0.30097776651382446, 0.2902889549732208, 0.28862902522087097, 0.2881390452384949, 0.2881110906600952, 0.28834766149520874, 0.28906503319740295, 0.2912942171096802, 0.30119967460632324, 0.3196730315685272, 0.36903059482574463, 0.459295392036438], [0.34666088223457336, 0.6060972809791565, 1.0, 0.9263893365859985, 0.8980463147163391, 0.8908641338348389, 0.8897107839584351, 0.8893612027168274, 0.8893128633499146, 0.8894237279891968, 0.8897775411605835, 0.8908323049545288, 0.8945810794830322, 0.8985816836357117, 0.8852601647377014, 0.812190592288971], [0.1659441590309143, 0.3488582372665405, 0.9263893365859985, 1.0, 0.9968677163124084, 0.9951692819595337, 0.994890034198761, 0.9947971105575562, 0.9947788119316101, 0.9947972893714905, 0.9948527216911316, 0.9949535131454468, 0.9941178560256958, 0.9883127212524414, 0.9412552714347839, 0.7908837795257568], [0.13601335883140564, 0.30097776651382446, 0.8980463147163391, 0.9968677163124084, 1.0, 0.9998139142990112, 0.9997490048408508, 0.9997252821922302, 0.9997189044952393, 0.9997199177742004, 0.9997165203094482, 0.9996318817138672, 0.9979154467582703, 0.9903880953788757, 0.9378782510757446, 0.7750796675682068], [0.12950290739536285, 0.2902889549732208, 0.8908641338348389, 0.9951692819595337, 0.9998139142990112, 1.0, 1.0000029802322388, 0.9999977350234985, 0.9999967813491821, 0.9999954104423523, 0.9999801516532898, 0.9998565316200256, 0.9979601502418518, 0.9900631904602051, 0.9364072680473328, 0.7709437012672424], [0.12846511602401733, 0.28862902522087097, 0.8897107839584351, 0.994890034198761, 0.9997490048408508, 1.0000029802322388, 1.0, 1.000004529953003, 1.0000041723251343, 1.000003457069397, 0.99998539686203, 0.9998552203178406, 0.9979276061058044, 0.9899567365646362, 0.9360883831977844, 0.7701842784881592], [0.1281670480966568, 0.2881390452384949, 0.8893612027168274, 0.9947971105575562, 0.9997252821922302, 0.9999977350234985, 1.000004529953003, 1.0, 1.0000066757202148, 1.0000050067901611, 0.9999872446060181, 0.9998586773872375, 0.9979369044303894, 0.9899723529815674, 0.9361048340797424, 0.7701086401939392], [0.1281556487083435, 0.2881110906600952, 0.8893128633499146, 0.9947788119316101, 0.9997189044952393, 0.9999967813491821, 1.0000041723251343, 1.0000066757202148, 1.0, 1.000006079673767, 0.9999930262565613, 0.9998711347579956, 0.9979828596115112, 0.9900639057159424, 0.936334490776062, 0.77042555809021], [0.12831522524356842, 0.28834766149520874, 0.8894237279891968, 0.9947972893714905, 0.9997199177742004, 0.9999954104423523, 1.000003457069397, 1.0000050067901611, 1.000006079673767, 1.0, 1.0000014305114746, 0.9998943209648132, 0.9980800747871399, 0.9902799725532532, 0.9368411302566528, 0.7711744904518127], [0.1287941038608551, 0.28906503319740295, 0.8897775411605835, 0.9948527216911316, 0.9997165203094482, 0.9999801516532898, 0.99998539686203, 0.9999872446060181, 0.9999930262565613, 1.0000014305114746, 1.0, 0.9999473094940186, 0.9983124136924744, 0.9907815456390381, 0.9381279349327087, 0.7732028961181641], [0.13028480112552643, 0.2912942171096802, 0.8908323049545288, 0.9949535131454468, 0.9996318817138672, 0.9998565316200256, 0.9998552203178406, 0.9998586773872375, 0.9998711347579956, 0.9998943209648132, 0.9999473094940186, 1.0, 0.9988938570022583, 0.992228627204895, 0.9417890310287476, 0.7790125608444214], [0.13696442544460297, 0.30119967460632324, 0.8945810794830322, 0.9941178560256958, 0.9979154467582703, 0.9979601502418518, 0.9979276061058044, 0.9979369044303894, 0.9979828596115112, 0.9980800747871399, 0.9983124136924744, 0.9988938570022583, 1.0, 0.9969480037689209, 0.9560986161231995, 0.8031396269798279], [0.14976675808429718, 0.3196730315685272, 0.8985816836357117, 0.9883127212524414, 0.9903880953788757, 0.9900631904602051, 0.9899567365646362, 0.9899723529815674, 0.9900639057159424, 0.9902799725532532, 0.9907815456390381, 0.992228627204895, 0.9969480037689209, 1.0, 0.9758836627006531, 0.8417934775352478], [0.1863260567188263, 0.36903059482574463, 0.8852601647377014, 0.9412552714347839, 0.9378782510757446, 0.9364072680473328, 0.9360883831977844, 0.9361048340797424, 0.936334490776062, 0.9368411302566528, 0.9381279349327087, 0.9417890310287476, 0.9560986161231995, 0.9758836627006531, 1.0, 0.9291830062866211], [0.2589045763015747, 0.459295392036438, 0.812190592288971, 0.7908837795257568, 0.7750796675682068, 0.7709437012672424, 0.7701842784881592, 0.7701086401939392, 0.77042555809021, 0.7711744904518127, 0.7732028961181641, 0.7790125608444214, 0.8031396269798279, 0.8417934775352478, 0.9291830062866211, 1.0]], "pc1_variance": [0.16376742720603943, 0.37846267223358154, 0.8096386194229126, 0.9921026229858398, 0.9995093941688538, 0.999976634979248, 0.9999966621398926, 0.999998152256012, 0.9999958872795105, 0.9999873042106628, 0.999944806098938, 0.9996563792228699, 0.9956963062286377, 0.9797216057777405, 0.8765385150909424, 0.5949768424034119], "probe_accuracy_per_layer": [0.3920000195503235, 0.42500001192092896, 0.4280000329017639, 0.3915000259876251, 0.41050001978874207, 0.36000001430511475, 0.34050002694129944, 0.3930000066757202, 0.39500001072883606, 0.3880000114440918, 0.3720000088214874, 0.3725000321865082, 0.36900001764297485, 0.4000000059604645, 0.3880000114440918, 0.4075000286102295]}, "init": {"cka": [[1.0, 0.9507820010185242, 0.8597020506858826, 0.7915232181549072, 0.7467795014381409, 0.7133446335792542, 0.6898165941238403, 0.6487058401107788, 0.6189014315605164, 0.6092897653579712, 0.5584974884986877, 0.5307930111885071, 0.5033190250396729, 0.4811798930168152, 0.4379850924015045, 0.4091060757637024], [0.9507820010185242, 1.0, 0.9509304761886597, 0.8949234485626221, 0.8460161685943604, 0.8149576783180237, 0.7858455181121826, 0.7479848265647888, 0.7088435292243958, 0.7059116363525391, 0.6514536738395691, 0.6271069645881653, 0.6005666255950928, 0.5685523748397827, 0.5243350267410278, 0.49528026580810547], [0.8597020506858826, 0.9509304761886597, 1.0, 0.9603759050369263, 0.9126368761062622, 0.8842626214027405, 0.8462586402893066, 0.8135802745819092, 0.7689024209976196, 0.7704376578330994, 0.7198807597160339, 0.6981589198112488, 0.6767908930778503, 0.6421101689338684, 0.5995010733604431, 0.5708706378936768], [0.7915232181549072, 0.8949234485626221, 0.9603759050369263, 1.0, 0.9586853384971619, 0.9267410635948181, 0.8870648741722107, 0.8567432165145874, 0.8092623353004456, 0.8103271722793579, 0.7726443409919739, 0.7569296956062317, 0.7409231066703796, 0.7082683444023132, 0.6729093194007874, 0.6405346989631653], [0.7467795014381409, 0.8460161685943604, 0.9126368761062622, 0.9586853384971619, 1.0, 0.9615347385406494, 0.9224506616592407, 0.8899533152580261, 0.8478798270225525, 0.839665412902832, 0.8072770237922668, 0.7904410362243652, 0.7785500288009644, 0.7485083937644958, 0.7147213220596313, 0.680010974407196], [0.7133446335792542, 0.8149576783180237, 0.8842626214027405, 0.9267410635948181, 0.9615347385406494, 1.0, 0.9631503224372864, 0.9302549958229065, 0.8881360292434692, 0.8766123652458191, 0.8456128835678101, 0.8280101418495178, 0.8114257454872131, 0.7818678021430969, 0.7495386004447937, 0.7189493775367737], [0.6898165941238403, 0.7858455181121826, 0.8462586402893066, 0.8870648741722107, 0.9224506616592407, 0.9631503224372864, 1.0, 0.9638299942016602, 0.9310846924781799, 0.913947582244873, 0.8793489336967468, 0.8534280061721802, 0.8368363976478577, 0.803970992565155, 0.772017776966095, 0.7437049150466919], [0.6487058401107788, 0.7479848265647888, 0.8135802745819092, 0.8567432165145874, 0.8899533152580261, 0.9302549958229065, 0.9638299942016602, 1.0, 0.9636216163635254, 0.944605827331543, 0.9151936769485474, 0.8868687748908997, 0.871383786201477, 0.8380370736122131, 0.8120293021202087, 0.7863930463790894], [0.6189014315605164, 0.7088435292243958, 0.7689024209976196, 0.8092623353004456, 0.8478798270225525, 0.8881360292434692, 0.9310846924781799, 0.9636216163635254, 1.0, 0.9745725393295288, 0.9452759623527527, 0.9114086627960205, 0.8920246362686157, 0.8614354133605957, 0.8370312452316284, 0.8134741187095642], [0.6092897653579712, 0.7059116363525391, 0.7704376578330994, 0.8103271722793579, 0.839665412902832, 0.8766123652458191, 0.913947582244873, 0.944605827331543, 0.9745725393295288, 1.0, 0.9673839211463928, 0.9400236010551453, 0.9188249111175537, 0.8860154747962952, 0.861068606376648, 0.839935302734375], [0.5584974884986877, 0.6514536738395691, 0.7198807597160339, 0.7726443409919739, 0.8072770237922668, 0.8456128835678101, 0.8793489336967468, 0.9151936769485474, 0.9452759623527527, 0.9673839211463928, 1.0, 0.9739667773246765, 0.9565981030464172, 0.928078293800354, 0.9096846580505371, 0.8905234932899475], [0.5307930111885071, 0.6271069645881653, 0.6981589198112488, 0.7569296956062317, 0.7904410362243652, 0.8280101418495178, 0.8534280061721802, 0.8868687748908997, 0.9114086627960205, 0.9400236010551453, 0.9739667773246765, 1.0, 0.9801092147827148, 0.9584469795227051, 0.9414702653884888, 0.9257017970085144], [0.5033190250396729, 0.6005666255950928, 0.6767908930778503, 0.7409231066703796, 0.7785500288009644, 0.8114257454872131, 0.8368363976478577, 0.871383786201477, 0.8920246362686157, 0.9188249111175537, 0.9565981030464172, 0.9801092147827148, 1.0, 0.9789053797721863, 0.9605871438980103, 0.9377220869064331], [0.4811798930168152, 0.5685523748397827, 0.6421101689338684, 0.7082683444023132, 0.7485083937644958, 0.7818678021430969, 0.803970992565155, 0.8380370736122131, 0.8614354133605957, 0.8860154747962952, 0.928078293800354, 0.9584469795227051, 0.9789053797721863, 1.0, 0.9780443906784058, 0.952407956123352], [0.4379850924015045, 0.5243350267410278, 0.5995010733604431, 0.6729093194007874, 0.7147213220596313, 0.7495386004447937, 0.772017776966095, 0.8120293021202087, 0.8370312452316284, 0.861068606376648, 0.9096846580505371, 0.9414702653884888, 0.9605871438980103, 0.9780443906784058, 1.0, 0.9800388813018799], [0.4091060757637024, 0.49528026580810547, 0.5708706378936768, 0.6405346989631653, 0.680010974407196, 0.7189493775367737, 0.7437049150466919, 0.7863930463790894, 0.8134741187095642, 0.839935302734375, 0.8905234932899475, 0.9257017970085144, 0.9377220869064331, 0.952407956123352, 0.9800388813018799, 1.0]], "cosine": [[1.0, 0.0520482175052166, 0.055923156440258026, 0.025485357269644737, 0.02262548729777336, 0.004749609157443047, 0.010181804187595844, 0.007017981726676226, 0.006816095672547817, 0.026822777464985847, -0.0020846426486968994, 0.004338908474892378, -0.010344280861318111, 0.0060818931087851524, 0.011538284830749035, 0.0009834760567173362], [0.0520482175052166, 1.0, 0.046585626900196075, 0.042986854910850525, 0.01741481013596058, 0.0036935233511030674, -0.0038755645509809256, 0.000312603049678728, 0.0024902475997805595, 0.024771202355623245, 0.0021316129714250565, 0.009212740696966648, -0.0013604426058009267, -0.005714002065360546, 0.0016073225997388363, 0.014794149436056614], [0.055923156440258026, 0.046585626900196075, 1.0, 0.04780885949730873, 0.02424430102109909, -0.0065606869757175446, 0.012566089630126953, -0.0005975222447887063, -0.005392733030021191, 0.003506515873596072, 0.016864465549588203, 0.003891704836860299, 0.01678624376654625, -0.005617160815745592, 0.00935965497046709, -0.005014396738260984], [0.025485357269644737, 0.042986854910850525, 0.04780885949730873, 1.0, 0.016806423664093018, 0.007221993990242481, 0.006712748669087887, 0.007526321802288294, 0.0030837091617286205, 0.0015262351371347904, 0.012021885253489017, -0.005635339766740799, 0.010943744331598282, 0.0009578925673849881, 0.004836009815335274, -0.005950626917183399], [0.02262548729777336, 0.01741481013596058, 0.02424430102109909, 0.016806423664093018, 1.0, 0.007077177055180073, 0.01256038248538971, -0.0018155885627493262, 0.003734846832230687, -0.011570231057703495, 0.009629524312913418, -0.0018090743105858564, -0.017432762309908867, -0.0031057526357471943, 0.0012706703273579478, -0.0002179510483983904], [0.004749609157443047, 0.0036935233511030674, -0.0065606869757175446, 0.007221993990242481, 0.007077177055180073, 1.0, 0.0017843336099758744, -0.0037858583964407444, 0.00941010843962431, -0.00994765292853117, -0.01943051815032959, 0.0009585977531969547, 0.008398211561143398, 0.006032912060618401, 0.005664977710694075, -0.011904379352927208], [0.010181804187595844, -0.0038755645509809256, 0.012566089630126953, 0.006712748669087887, 0.01256038248538971, 0.0017843336099758744, 1.0, 0.010038129985332489, 0.009909281507134438, 0.018336033448576927, -0.008389485999941826, 0.01872948929667473, 0.008703019469976425, 0.010588770732283592, 0.009068707935512066, 0.002664912026375532], [0.007017981726676226, 0.000312603049678728, -0.0005975222447887063, 0.007526321802288294, -0.0018155885627493262, -0.0037858583964407444, 0.010038129985332489, 1.0, 0.0032627906184643507, -0.007094742264598608, 0.009165418334305286, -0.01645066775381565, 0.0014333074213936925, -0.0008645076304674149, -0.007296535186469555, -0.009762347675859928], [0.006816095672547817, 0.0024902475997805595, -0.005392733030021191, 0.0030837091617286205, 0.003734846832230687, 0.00941010843962431, 0.009909281507134438, 0.0032627906184643507, 1.0, -0.008019543252885342, -0.008388529531657696, 0.01235627755522728, 0.009021871723234653, 0.010846416465938091, -0.008457859978079796, 0.006719933822751045], [0.026822777464985847, 0.024771202355623245, 0.003506515873596072, 0.0015262351371347904, -0.011570231057703495, -0.00994765292853117, 0.018336033448576927, -0.007094742264598608, -0.008019543252885342, 1.0, 0.0035121527034789324, 0.006308842916041613, -0.0024798233062028885, -0.018708251416683197, 0.005217292811721563, 0.0028653971385210752], [-0.0020846426486968994, 0.0021316129714250565, 0.016864465549588203, 0.012021885253489017, 0.009629524312913418, -0.01943051815032959, -0.008389485999941826, 0.009165418334305286, -0.008388529531657696, 0.0035121527034789324, 1.0, 0.006628059316426516, 0.002774931723251939, -0.01337616890668869, -0.01696614921092987, -0.009473851881921291], [0.004338908474892378, 0.009212740696966648, 0.003891704836860299, -0.005635339766740799, -0.0018090743105858564, 0.0009585977531969547, 0.01872948929667473, -0.01645066775381565, 0.01235627755522728, 0.006308842916041613, 0.006628059316426516, 1.0, -0.0023289804812520742, 0.013257786631584167, 0.0024836845695972443, -0.013788118958473206], [-0.010344280861318111, -0.0013604426058009267, 0.01678624376654625, 0.010943744331598282, -0.017432762309908867, 0.008398211561143398, 0.008703019469976425, 0.0014333074213936925, 0.009021871723234653, -0.0024798233062028885, 0.002774931723251939, -0.0023289804812520742, 1.0, -0.0008861663518473506, -0.02189873345196247, -0.001206595334224403], [0.0060818931087851524, -0.005714002065360546, -0.005617160815745592, 0.0009578925673849881, -0.0031057526357471943, 0.006032912060618401, 0.010588770732283592, -0.0008645076304674149, 0.010846416465938091, -0.018708251416683197, -0.01337616890668869, 0.013257786631584167, -0.0008861663518473506, 1.0, 0.01140538789331913, -0.01870439574122429], [0.011538284830749035, 0.0016073225997388363, 0.00935965497046709, 0.004836009815335274, 0.0012706703273579478, 0.005664977710694075, 0.009068707935512066, -0.007296535186469555, -0.008457859978079796, 0.005217292811721563, -0.01696614921092987, 0.0024836845695972443, -0.02189873345196247, 0.01140538789331913, 1.0, -0.007482518441975117], [0.0009834760567173362, 0.014794149436056614, -0.005014396738260984, -0.005950626917183399, -0.0002179510483983904, -0.011904379352927208, 0.002664912026375532, -0.009762347675859928, 0.006719933822751045, 0.0028653971385210752, -0.009473851881921291, -0.013788118958473206, -0.001206595334224403, -0.01870439574122429, -0.007482518441975117, 1.0]], "procrustes": [[1.0, 0.8857572078704834, 0.8100242018699646, 0.7542890906333923, 0.7109683156013489, 0.679904580116272, 0.6588059663772583, 0.6375317573547363, 0.621694803237915, 0.6114305853843689, 0.5933115482330322, 0.5847384333610535, 0.5741841793060303, 0.56464684009552, 0.546657383441925, 0.5379281044006348], [0.8857572078704834, 1.0, 0.895153284072876, 0.82492995262146, 0.7740808129310608, 0.7376339435577393, 0.7125604152679443, 0.6892593502998352, 0.6703746318817139, 0.6592316627502441, 0.638983964920044, 0.6298333406448364, 0.618537962436676, 0.6062585115432739, 0.5886626839637756, 0.5792693495750427], [0.8100242018699646, 0.895153284072876, 1.0, 0.9022119045257568, 0.8415290713310242, 0.7989124655723572, 0.7688509225845337, 0.7435010671615601, 0.7223571538925171, 0.7095468044281006, 0.688971996307373, 0.6782176494598389, 0.6658916473388672, 0.652667760848999, 0.6349284052848816, 0.6248478293418884], [0.7542890906333923, 0.82492995262146, 0.9022119045257568, 1.0, 0.9199931025505066, 0.8670008182525635, 0.8317028284072876, 0.8027770519256592, 0.7779139280319214, 0.7618803977966309, 0.7408397793769836, 0.7280759811401367, 0.7141028642654419, 0.700203001499176, 0.6829168200492859, 0.6705375909805298], [0.7109683156013489, 0.7740808129310608, 0.8415290713310242, 0.9199931025505066, 1.0, 0.9345985651016235, 0.8938266038894653, 0.8611152172088623, 0.8337544798851013, 0.8134147524833679, 0.7905837297439575, 0.7750722169876099, 0.7601955533027649, 0.745319664478302, 0.7278936505317688, 0.7137055397033691], [0.679904580116272, 0.7376339435577393, 0.7989124655723572, 0.8670008182525635, 0.9345985651016235, 1.0, 0.9552803039550781, 0.9207449555397034, 0.8913604021072388, 0.8699176907539368, 0.8473879098892212, 0.8306150436401367, 0.8138808608055115, 0.7978155612945557, 0.7804185152053833, 0.7656188607215881], [0.6588059663772583, 0.7125604152679443, 0.7688509225845337, 0.8317028284072876, 0.8938266038894653, 0.9552803039550781, 1.0, 0.9649081826210022, 0.9366416931152344, 0.9145306348800659, 0.8916516304016113, 0.873267650604248, 0.8571089506149292, 0.8403240442276001, 0.8234710097312927, 0.8084821701049805], [0.6375317573547363, 0.6892593502998352, 0.7435010671615601, 0.8027770519256592, 0.8611152172088623, 0.9207449555397034, 0.9649081826210022, 1.0, 0.9715818166732788, 0.9497473239898682, 0.927904486656189, 0.908535361289978, 0.892262876033783, 0.8746594786643982, 0.8595808744430542, 0.8449466228485107], [0.621694803237915, 0.6703746318817139, 0.7223571538925171, 0.7779139280319214, 0.8337544798851013, 0.8913604021072388, 0.9366416931152344, 0.9715818166732788, 1.0, 0.9785771369934082, 0.9577417969703674, 0.9372658729553223, 0.9207408428192139, 0.9029898643493652, 0.8885440826416016, 0.8747988343238831], [0.6114305853843689, 0.6592316627502441, 0.7095468044281006, 0.7618803977966309, 0.8134147524833679, 0.8699176907539368, 0.9145306348800659, 0.9497473239898682, 0.9785771369934082, 1.0, 0.9793540239334106, 0.9615681767463684, 0.9459571838378906, 0.9286181926727295, 0.9139680862426758, 0.9010265469551086], [0.5933115482330322, 0.638983964920044, 0.688971996307373, 0.7408397793769836, 0.7905837297439575, 0.8473879098892212, 0.8916516304016113, 0.927904486656189, 0.9577417969703674, 0.9793540239334106, 1.0, 0.9826936721801758, 0.9685383439064026, 0.9515395164489746, 0.9384393095970154, 0.9257069826126099], [0.5847384333610535, 0.6298333406448364, 0.6782176494598389, 0.7280759811401367, 0.7750722169876099, 0.8306150436401367, 0.873267650604248, 0.908535361289978, 0.9372658729553223, 0.9615681767463684, 0.9826936721801758, 1.0, 0.9858198165893555, 0.970259964466095, 0.9566999077796936, 0.9447945356369019], [0.5741841793060303, 0.618537962436676, 0.6658916473388672, 0.7141028642654419, 0.7601955533027649, 0.8138808608055115, 0.8571089506149292, 0.892262876033783, 0.9207408428192139, 0.9459571838378906, 0.9685383439064026, 0.9858198165893555, 1.0, 0.9858227968215942, 0.9720889329910278, 0.9590656757354736], [0.56464684009552, 0.6062585115432739, 0.652667760848999, 0.700203001499176, 0.745319664478302, 0.7978155612945557, 0.8403240442276001, 0.8746594786643982, 0.9029898643493652, 0.9286181926727295, 0.9515395164489746, 0.970259964466095, 0.9858227968215942, 1.0, 0.9868427515029907, 0.9741063714027405], [0.546657383441925, 0.5886626839637756, 0.6349284052848816, 0.6829168200492859, 0.7278936505317688, 0.7804185152053833, 0.8234710097312927, 0.8595808744430542, 0.8885440826416016, 0.9139680862426758, 0.9384393095970154, 0.9566999077796936, 0.9720889329910278, 0.9868427515029907, 1.0, 0.9886162281036377], [0.5379281044006348, 0.5792693495750427, 0.6248478293418884, 0.6705375909805298, 0.7137055397033691, 0.7656188607215881, 0.8084821701049805, 0.8449466228485107, 0.8747988343238831, 0.9010265469551086, 0.9257069826126099, 0.9447945356369019, 0.9590656757354736, 0.9741063714027405, 0.9886162281036377, 1.0]], "pc1_variance": [0.21789848804473877, 0.20574063062667847, 0.20548434555530548, 0.19407175481319427, 0.1734546571969986, 0.1784399002790451, 0.17264507710933685, 0.17819178104400635, 0.15926553308963776, 0.18390803039073944, 0.18256138265132904, 0.2213016152381897, 0.2359086275100708, 0.24455228447914124, 0.2435283213853836, 0.2644433081150055], "probe_accuracy_per_layer": null}, "cka_trained_vs_init_per_layer": [0.7228261232376099, 0.2666998505592346, 0.06894277781248093, 0.04477626085281372, 0.041431836783885956, 0.03950125724077225, 0.036927781999111176, 0.03413751721382141, 0.030627591535449028, 0.0301662664860487, 0.034799061715602875, 0.035115666687488556, 0.036206845194101334, 0.0367559939622879, 0.03625933825969696, 0.04554662108421326], "runtime_sec": 154.97703337669373}