{"config": {"input_dim": 3072, "num_classes": 10, "depth": 8, "width": 512, "init_scale": 1.0, "nonlinearity": "relu"}, "dataset": "cifar10", "seed": 0, "epochs": 15, "shuffle_labels": true, "test_accuracy": 0.0898, "history": {"train_loss": [2.303042640491408, 2.3029241099649544, 2.3027744414855023, 2.3027303145856273, 2.3027444031773783, 2.3026416788295823, 2.3026316238909352, 2.302653480549248, 2.3026493082241135, 2.302550731873026, 2.3020992084425322, 2.301296141682839, 2.2997081085127227, 2.2976304462977817, 2.2959504419443557], "val_acc": [0.1012, 0.1226, 0.101, 0.1202, 0.0966, 0.0756, 0.0928, 0.0978, 0.097, 0.097, 0.0904, 0.0848, 0.0854, 0.0904, 0.0898], "param_delta_ratio": 0.7565066654932856, "n_params": 3417098}, "trained": {"cka": [[1.0, 0.7928903698921204, 0.6504996418952942, 0.26348677277565, 0.17875176668167114, 0.1523856222629547, 0.13934242725372314, 0.10254000872373581], [0.7928903698921204, 1.0, 0.8091427683830261, 0.36972203850746155, 0.26239562034606934, 0.2290923297405243, 0.21148210763931274, 0.16481907665729523], [0.6504996418952942, 0.8091427683830261, 1.0, 0.760844349861145, 0.6365348100662231, 0.5883304476737976, 0.5506117343902588, 0.41385212540626526], [0.26348677277565, 0.36972203850746155, 0.760844349861145, 1.0, 0.9548776745796204, 0.9208977222442627, 0.885022759437561, 0.7008805274963379], [0.17875176668167114, 0.26239562034606934, 0.6365348100662231, 0.9548776745796204, 1.0, 0.9942454099655151, 0.9814320206642151, 0.8626518845558167], [0.1523856222629547, 0.2290923297405243, 0.5883304476737976, 0.9208977222442627, 0.9942454099655151, 1.0, 0.9947729110717773, 0.8954304456710815], [0.13934242725372314, 0.21148210763931274, 0.5506117343902588, 0.885022759437561, 0.9814320206642151, 0.9947729110717773, 1.0, 0.9315376877784729], [0.10254000872373581, 0.16481907665729523, 0.41385212540626526, 0.7008805274963379, 0.8626518845558167, 0.8954304456710815, 0.9315376877784729, 1.0]], "cosine": [[1.0, 0.028902189806103706, 0.053736571222543716, 0.0341835655272007, 0.01874370314180851, 0.03117959573864937, 0.026532046496868134, 0.0315186008810997], [0.028902189806103706, 1.0, 0.010491051711142063, 0.027157912030816078, 0.009225397370755672, 0.006271119695156813, 0.021081173792481422, 0.0018564792117103934], [0.053736571222543716, 0.010491051711142063, 1.0, 0.019864412024617195, 0.008995141834020615, 0.01180008240044117, 0.0009301926475018263, 0.005195725243538618], [0.0341835655272007, 0.027157912030816078, 0.019864412024617195, 1.0, 0.01316588744521141, 0.021432623267173767, 0.03592091053724289, -0.0018724550027400255], [0.01874370314180851, 0.009225397370755672, 0.008995141834020615, 0.01316588744521141, 1.0, 0.05008282512426376, 0.03254315257072449, 0.03513605147600174], [0.03117959573864937, 0.006271119695156813, 0.01180008240044117, 0.021432623267173767, 0.05008282512426376, 1.0, 0.0770816057920456, 0.07367687672376633], [0.026532046496868134, 0.021081173792481422, 0.0009301926475018263, 0.03592091053724289, 0.03254315257072449, 0.0770816057920456, 1.0, 0.0027660056948661804], [0.0315186008810997, 0.0018564792117103934, 0.005195725243538618, -0.0018724550027400255, 0.03513605147600174, 0.07367687672376633, 0.0027660056948661804, 1.0]], "procrustes": [[1.0, 0.8321335911750793, 0.7399698495864868, 0.5035260319709778, 0.3644879460334778, 0.3009908199310303, 0.2729410231113434, 0.24615000188350677], [0.8321335911750793, 1.0, 0.8968503475189209, 0.6490898728370667, 0.48879769444465637, 0.41413843631744385, 0.37949299812316895, 0.34850338101387024], [0.7399698495864868, 0.8968503475189209, 1.0, 0.8447656631469727, 0.6970793604850769, 0.6220260858535767, 0.5822705626487732, 0.529064416885376], [0.5035260319709778, 0.6490898728370667, 0.8447656631469727, 1.0, 0.9514185786247253, 0.9059647917747498, 0.8752033710479736, 0.8120371103286743], [0.3644879460334778, 0.48879769444465637, 0.6970793604850769, 0.9514185786247253, 1.0, 0.9897344708442688, 0.9768520593643188, 0.9368057250976562], [0.3009908199310303, 0.41413843631744385, 0.6220260858535767, 0.9059647917747498, 0.9897344708442688, 1.0, 0.9962573647499084, 0.9639344811439514], [0.2729410231113434, 0.37949299812316895, 0.5822705626487732, 0.8752033710479736, 0.9768520593643188, 0.9962573647499084, 1.0, 0.9788510799407959], [0.24615000188350677, 0.34850338101387024, 0.529064416885376, 0.8120371103286743, 0.9368057250976562, 0.9639344811439514, 0.9788510799407959, 1.0]], "pc1_variance": [0.3284756541252136, 0.43302300572395325, 0.3987317383289337, 0.6256433129310608, 0.6404215693473816, 0.6561970710754395, 0.6250993013381958, 0.6931287050247192], "probe_accuracy_per_layer": [0.3375000059604645, 0.2995000183582306, 0.25300002098083496, 0.242000013589859, 0.2345000058412552, 0.2225000113248825, 0.2005000114440918, 0.19200000166893005]}, "init": {"cka": [[1.0, 0.9507820010185242, 0.8597020506858826, 0.7915232181549072, 0.7467795014381409, 0.7133446335792542, 0.6898165941238403, 0.6487058401107788], [0.9507820010185242, 1.0, 0.9509304761886597, 0.8949234485626221, 0.8460161685943604, 0.8149576783180237, 0.7858455181121826, 0.7479848265647888], [0.8597020506858826, 0.9509304761886597, 1.0, 0.9603759050369263, 0.9126368761062622, 0.8842626214027405, 0.8462586402893066, 0.8135802745819092], [0.7915232181549072, 0.8949234485626221, 0.9603759050369263, 1.0, 0.9586853384971619, 0.9267410635948181, 0.8870648741722107, 0.8567432165145874], [0.7467795014381409, 0.8460161685943604, 0.9126368761062622, 0.9586853384971619, 1.0, 0.9615347385406494, 0.9224506616592407, 0.8899533152580261], [0.7133446335792542, 0.8149576783180237, 0.8842626214027405, 0.9267410635948181, 0.9615347385406494, 1.0, 0.9631503224372864, 0.9302549958229065], [0.6898165941238403, 0.7858455181121826, 0.8462586402893066, 0.8870648741722107, 0.9224506616592407, 0.9631503224372864, 1.0, 0.9638299942016602], [0.6487058401107788, 0.7479848265647888, 0.8135802745819092, 0.8567432165145874, 0.8899533152580261, 0.9302549958229065, 0.9638299942016602, 1.0]], "cosine": [[1.0, 0.0520482175052166, 0.055923156440258026, 0.025485357269644737, 0.02262548729777336, 0.004749609157443047, 0.010181804187595844, 0.007017981726676226], [0.0520482175052166, 1.0, 0.046585626900196075, 0.042986854910850525, 0.01741481013596058, 0.0036935233511030674, -0.0038755645509809256, 0.000312603049678728], [0.055923156440258026, 0.046585626900196075, 1.0, 0.04780885949730873, 0.02424430102109909, -0.0065606869757175446, 0.012566089630126953, -0.0005975222447887063], [0.025485357269644737, 0.042986854910850525, 0.04780885949730873, 1.0, 0.016806423664093018, 0.007221993990242481, 0.006712748669087887, 0.007526321802288294], [0.02262548729777336, 0.01741481013596058, 0.02424430102109909, 0.016806423664093018, 1.0, 0.007077177055180073, 0.01256038248538971, -0.0018155885627493262], [0.004749609157443047, 0.0036935233511030674, -0.0065606869757175446, 0.007221993990242481, 0.007077177055180073, 1.0, 0.0017843336099758744, -0.0037858583964407444], [0.010181804187595844, -0.0038755645509809256, 0.012566089630126953, 0.006712748669087887, 0.01256038248538971, 0.0017843336099758744, 1.0, 0.010038129985332489], [0.007017981726676226, 0.000312603049678728, -0.0005975222447887063, 0.007526321802288294, -0.0018155885627493262, -0.0037858583964407444, 0.010038129985332489, 1.0]], "procrustes": [[1.0, 0.8857572078704834, 0.8100242018699646, 0.7542890906333923, 0.7109683156013489, 0.679904580116272, 0.6588059663772583, 0.6375317573547363], [0.8857572078704834, 1.0, 0.895153284072876, 0.82492995262146, 0.7740808129310608, 0.7376339435577393, 0.7125604152679443, 0.6892593502998352], [0.8100242018699646, 0.895153284072876, 1.0, 0.9022119045257568, 0.8415290713310242, 0.7989124655723572, 0.7688509225845337, 0.7435010671615601], [0.7542890906333923, 0.82492995262146, 0.9022119045257568, 1.0, 0.9199931025505066, 0.8670008182525635, 0.8317028284072876, 0.8027770519256592], [0.7109683156013489, 0.7740808129310608, 0.8415290713310242, 0.9199931025505066, 1.0, 0.9345985651016235, 0.8938266038894653, 0.8611152172088623], [0.679904580116272, 0.7376339435577393, 0.7989124655723572, 0.8670008182525635, 0.9345985651016235, 1.0, 0.9552803039550781, 0.9207449555397034], [0.6588059663772583, 0.7125604152679443, 0.7688509225845337, 0.8317028284072876, 0.8938266038894653, 0.9552803039550781, 1.0, 0.9649081826210022], [0.6375317573547363, 0.6892593502998352, 0.7435010671615601, 0.8027770519256592, 0.8611152172088623, 0.9207449555397034, 0.9649081826210022, 1.0]], "pc1_variance": [0.21789848804473877, 0.20574063062667847, 0.20548434555530548, 0.19407175481319427, 0.1734546571969986, 0.1784399002790451, 0.17264507710933685, 0.17819178104400635], "probe_accuracy_per_layer": null}, "cka_trained_vs_init_per_layer": [0.8262910842895508, 0.4473637640476227, 0.32387733459472656, 0.126908078789711, 0.08827336877584457, 0.07967513054609299, 0.07021962851285934, 0.044898420572280884], "runtime_sec": 30.76897692680359}