{"config": {"input_dim": 3072, "num_classes": 10, "depth": 8, "width": 128, "init_scale": 1.0, "nonlinearity": "relu"}, "dataset": "cifar10", "seed": 0, "epochs": 15, "shuffle_labels": false, "test_accuracy": 0.5284, "history": {"train_loss": [1.9342911839485168, 1.6463019847869873, 1.5061214432424428, 1.4013686922131752, 1.3275094628334045, 1.252539646868803, 1.1871529440490567, 1.1282415663709446, 1.0746213076065998, 1.0216249160620632, 0.9702599760220976, 0.9309578215589329, 0.897246245218783, 0.8757010819960613, 0.8623374755285225], "val_acc": [0.384, 0.4302, 0.4674, 0.4706, 0.4838, 0.5074, 0.514, 0.5224, 0.5236, 0.5238, 0.5232, 0.5288, 0.5298, 0.5272, 0.5284], "param_delta_ratio": 1.1973637972470568, "n_params": 510218}, "trained": {"cka": [[1.0, 0.8187183737754822, 0.5631381869316101, 0.38073816895484924, 0.3334265351295471, 0.3129121661186218, 0.30476316809654236, 0.29661813378334045], [0.8187183737754822, 1.0, 0.7946026921272278, 0.617865800857544, 0.5625080466270447, 0.5341614484786987, 0.526297390460968, 0.5094894766807556], [0.5631381869316101, 0.7946026921272278, 1.0, 0.9195411801338196, 0.8788802623748779, 0.8548396229743958, 0.8342418074607849, 0.7963571548461914], [0.38073816895484924, 0.617865800857544, 0.9195411801338196, 1.0, 0.981515645980835, 0.9677308797836304, 0.9496901035308838, 0.9058616757392883], [0.3334265351295471, 0.5625080466270447, 0.8788802623748779, 0.981515645980835, 1.0, 0.9882255792617798, 0.957729160785675, 0.9024752378463745], [0.3129121661186218, 0.5341614484786987, 0.8548396229743958, 0.9677308797836304, 0.9882255792617798, 1.0, 0.9780221581459045, 0.9330897331237793], [0.30476316809654236, 0.526297390460968, 0.8342418074607849, 0.9496901035308838, 0.957729160785675, 0.9780221581459045, 1.0, 0.983146071434021], [0.29661813378334045, 0.5094894766807556, 0.7963571548461914, 0.9058616757392883, 0.9024752378463745, 0.9330897331237793, 0.983146071434021, 1.0]], "cosine": [[1.0, 0.06790131330490112, 0.04959144815802574, 0.04245816916227341, 0.0456482395529747, 0.0786229819059372, 0.03527809679508209, 0.01949484460055828], [0.06790131330490112, 1.0, 0.0845644474029541, 0.09487973153591156, 0.11088497191667557, 0.08923007547855377, 0.07794696092605591, 0.009820550680160522], [0.04959144815802574, 0.0845644474029541, 1.0, 0.10192850977182388, 0.10700617730617523, 0.04282540827989578, 0.06328035891056061, 0.007280052173882723], [0.04245816916227341, 0.09487973153591156, 0.10192850977182388, 1.0, 0.10222291946411133, 0.09593750536441803, 0.10400131344795227, 0.11009828746318817], [0.0456482395529747, 0.11088497191667557, 0.10700617730617523, 0.10222291946411133, 1.0, 0.05282864719629288, 0.08731555193662643, 0.09403682500123978], [0.0786229819059372, 0.08923007547855377, 0.04282540827989578, 0.09593750536441803, 0.05282864719629288, 1.0, 0.08813625574111938, 0.03159036859869957], [0.03527809679508209, 0.07794696092605591, 0.06328035891056061, 0.10400131344795227, 0.08731555193662643, 0.08813625574111938, 1.0, 0.13628867268562317], [0.01949484460055828, 0.009820550680160522, 0.007280052173882723, 0.11009828746318817, 0.09403682500123978, 0.03159036859869957, 0.13628867268562317, 1.0]], "procrustes": [[1.0, 0.8259178400039673, 0.6943951845169067, 0.5679106712341309, 0.4827578067779541, 0.4383246600627899, 0.41986170411109924, 0.4041445851325989], [0.8259178400039673, 1.0, 0.8439491391181946, 0.7134121060371399, 0.6209693551063538, 0.5707045197486877, 0.550518810749054, 0.530504584312439], [0.6943951845169067, 0.8439491391181946, 1.0, 0.8909198045730591, 0.8102389574050903, 0.7625815272331238, 0.7378755211830139, 0.7114430665969849], [0.5679106712341309, 0.7134121060371399, 0.8909198045730591, 1.0, 0.9548268914222717, 0.9235689640045166, 0.9028074145317078, 0.8736434578895569], [0.4827578067779541, 0.6209693551063538, 0.8102389574050903, 0.9548268914222717, 1.0, 0.9816732406616211, 0.9628719091415405, 0.9334602355957031], [0.4383246600627899, 0.5707045197486877, 0.7625815272331238, 0.9235689640045166, 0.9816732406616211, 1.0, 0.9848553538322449, 0.9613548517227173], [0.41986170411109924, 0.550518810749054, 0.7378755211830139, 0.9028074145317078, 0.9628719091415405, 0.9848553538322449, 1.0, 0.9863226413726807], [0.4041445851325989, 0.530504584312439, 0.7114430665969849, 0.8736434578895569, 0.9334602355957031, 0.9613548517227173, 0.9863226413726807, 1.0]], "pc1_variance": [0.11641758680343628, 0.12607157230377197, 0.17090845108032227, 0.2964598536491394, 0.32638826966285706, 0.3466699719429016, 0.38933172821998596, 0.4444945156574249], "probe_accuracy_per_layer": [0.4570000171661377, 0.4675000309944153, 0.4790000319480896, 0.499500036239624, 0.5210000276565552, 0.534000039100647, 0.5315000414848328, 0.5385000109672546]}, "init": {"cka": [[1.0, 0.8794355988502502, 0.7096291184425354, 0.5877518057823181, 0.5502369403839111, 0.5439774394035339, 0.4711926579475403, 0.43189162015914917], [0.8794355988502502, 1.0, 0.8462618589401245, 0.7030367255210876, 0.6556228399276733, 0.6234164237976074, 0.5324670672416687, 0.4841539263725281], [0.7096291184425354, 0.8462618589401245, 1.0, 0.8644809126853943, 0.7859127521514893, 0.7159108519554138, 0.6179199814796448, 0.5493853688240051], [0.5877518057823181, 0.7030367255210876, 0.8644809126853943, 1.0, 0.8723981380462646, 0.7922929525375366, 0.7266961336135864, 0.6398018002510071], [0.5502369403839111, 0.6556228399276733, 0.7859127521514893, 0.8723981380462646, 1.0, 0.8932803869247437, 0.7979521751403809, 0.7312432527542114], [0.5439774394035339, 0.6234164237976074, 0.7159108519554138, 0.7922929525375366, 0.8932803869247437, 1.0, 0.8943148255348206, 0.8209511637687683], [0.4711926579475403, 0.5324670672416687, 0.6179199814796448, 0.7266961336135864, 0.7979521751403809, 0.8943148255348206, 1.0, 0.8913926482200623], [0.43189162015914917, 0.4841539263725281, 0.5493853688240051, 0.6398018002510071, 0.7312432527542114, 0.8209511637687683, 0.8913926482200623, 1.0]], "cosine": [[1.0, 0.03311992064118385, 0.014875952154397964, 0.038574960082769394, 0.017972543835639954, 0.015152281150221825, 0.029277697205543518, -0.026490483433008194], [0.03311992064118385, 1.0, 0.0551476925611496, 0.05340129882097244, 0.007137421052902937, -0.016014618799090385, 0.04027002304792404, -0.007089813705533743], [0.014875952154397964, 0.0551476925611496, 1.0, 0.0293919425457716, 0.02734634280204773, -0.047439832240343094, -0.0145625164732337, -0.024434629827737808], [0.038574960082769394, 0.05340129882097244, 0.0293919425457716, 1.0, 0.009270637296140194, -0.020985443145036697, 0.007383125834167004, 0.028737004846334457], [0.017972543835639954, 0.007137421052902937, 0.02734634280204773, 0.009270637296140194, 1.0, 0.0008447915897704661, -0.0007820262107998133, 0.015652965754270554], [0.015152281150221825, -0.016014618799090385, -0.047439832240343094, -0.020985443145036697, 0.0008447915897704661, 1.0, 0.014525840058922768, -0.01634545810520649], [0.029277697205543518, 0.04027002304792404, -0.0145625164732337, 0.007383125834167004, -0.0007820262107998133, 0.014525840058922768, 1.0, 0.010553642176091671], [-0.026490483433008194, -0.007089813705533743, -0.024434629827737808, 0.028737004846334457, 0.015652965754270554, -0.01634545810520649, 0.010553642176091671, 1.0]], "procrustes": [[1.0, 0.8447368741035461, 0.7217101454734802, 0.6409078240394592, 0.59709233045578, 0.5708953142166138, 0.5421863794326782, 0.5151339769363403], [0.8447368741035461, 1.0, 0.8391631245613098, 0.7399231195449829, 0.6850690841674805, 0.6498370170593262, 0.6145815253257751, 0.5825609564781189], [0.7217101454734802, 0.8391631245613098, 1.0, 0.8694186210632324, 0.7963461875915527, 0.7461092472076416, 0.7053830027580261, 0.665266752243042], [0.6409078240394592, 0.7399231195449829, 0.8694186210632324, 1.0, 0.9040395021438599, 0.8467577695846558, 0.80658358335495, 0.7578240633010864], [0.59709233045578, 0.6850690841674805, 0.7963461875915527, 0.9040395021438599, 1.0, 0.9314637184143066, 0.8828024864196777, 0.8379594087600708], [0.5708953142166138, 0.6498370170593262, 0.7461092472076416, 0.8467577695846558, 0.9314637184143066, 1.0, 0.9508163928985596, 0.9051591753959656], [0.5421863794326782, 0.6145815253257751, 0.7053830027580261, 0.80658358335495, 0.8828024864196777, 0.9508163928985596, 1.0, 0.9513041973114014], [0.5151339769363403, 0.5825609564781189, 0.665266752243042, 0.7578240633010864, 0.8379594087600708, 0.9051591753959656, 0.9513041973114014, 1.0]], "pc1_variance": [0.2023685723543167, 0.18764875829219818, 0.18922576308250427, 0.17542801797389984, 0.19415226578712463, 0.19586805999279022, 0.16187815368175507, 0.21043303608894348], "probe_accuracy_per_layer": null}, "cka_trained_vs_init_per_layer": [0.7081946730613708, 0.4456827640533447, 0.2478330433368683, 0.1388498693704605, 0.10752582550048828, 0.09572363644838333, 0.0872744545340538, 0.07794139534235], "runtime_sec": 11.214912176132202}