{"config": {"input_dim": 3072, "num_classes": 10, "depth": 8, "width": 512, "init_scale": 2.0, "nonlinearity": "relu"}, "dataset": "cifar10", "seed": 0, "epochs": 15, "shuffle_labels": false, "test_accuracy": 0.5362, "history": {"train_loss": [1.7353590763345057, 1.4863439992982515, 1.3587854042345164, 1.2394005145345415, 1.1370392903989675, 1.0248299101177527, 0.8937477791795925, 0.7672726822142698, 0.6109151174219287, 0.4574414446037643, 0.29777691969457937, 0.1756622338173341, 0.09201410633264756, 0.049660694006146214, 0.03523822949857128], "val_acc": [0.4398, 0.477, 0.4922, 0.5106, 0.5224, 0.518, 0.5294, 0.5376, 0.5286, 0.5326, 0.5278, 0.5358, 0.5366, 0.5364, 0.5362], "param_delta_ratio": 0.5572806518301217, "n_params": 3417098}, "trained": {"cka": [[1.0, 0.832978367805481, 0.6470639705657959, 0.4268706738948822, 0.27095136046409607, 0.19470347464084625, 0.16538842022418976, 0.1627991795539856], [0.832978367805481, 1.0, 0.8384762406349182, 0.6191602945327759, 0.4397702217102051, 0.34107524156570435, 0.30426567792892456, 0.30313536524772644], [0.6470639705657959, 0.8384762406349182, 1.0, 0.8277430534362793, 0.6660906076431274, 0.5580487251281738, 0.5158461928367615, 0.5134003758430481], [0.4268706738948822, 0.6191602945327759, 0.8277430534362793, 1.0, 0.9008494019508362, 0.81120365858078, 0.7703545689582825, 0.7539639472961426], [0.27095136046409607, 0.4397702217102051, 0.6660906076431274, 0.9008494019508362, 1.0, 0.9623554348945618, 0.9340987205505371, 0.9094111919403076], [0.19470347464084625, 0.34107524156570435, 0.5580487251281738, 0.81120365858078, 0.9623554348945618, 1.0, 0.9887406229972839, 0.9592088460922241], [0.16538842022418976, 0.30426567792892456, 0.5158461928367615, 0.7703545689582825, 0.9340987205505371, 0.9887406229972839, 1.0, 0.9827316403388977], [0.1627991795539856, 0.30313536524772644, 0.5134003758430481, 0.7539639472961426, 0.9094111919403076, 0.9592088460922241, 0.9827316403388977, 1.0]], "cosine": [[1.0, 0.03651688992977142, 0.03176388889551163, 0.034322112798690796, 0.02798602543771267, 0.035271886736154556, 0.0258130244910717, 0.026229824870824814], [0.03651688992977142, 1.0, 0.023465672507882118, 0.021891793236136436, 0.032491594552993774, 0.036057956516742706, 0.02381502091884613, 0.0361206978559494], [0.03176388889551163, 0.023465672507882118, 1.0, 0.030507871881127357, 0.034531816840171814, 0.045693766325712204, 0.04063674807548523, 0.03875315561890602], [0.034322112798690796, 0.021891793236136436, 0.030507871881127357, 1.0, 0.0455508790910244, 0.04893793165683746, 0.05005364865064621, 0.04675913602113724], [0.02798602543771267, 0.032491594552993774, 0.034531816840171814, 0.0455508790910244, 1.0, 0.0668327733874321, 0.060459982603788376, 0.04277803376317024], [0.035271886736154556, 0.036057956516742706, 0.045693766325712204, 0.04893793165683746, 0.0668327733874321, 1.0, 0.0876801460981369, 0.09040079265832901], [0.0258130244910717, 0.02381502091884613, 0.04063674807548523, 0.05005364865064621, 0.060459982603788376, 0.0876801460981369, 1.0, 0.0790233165025711], [0.026229824870824814, 0.0361206978559494, 0.03875315561890602, 0.04675913602113724, 0.04277803376317024, 0.09040079265832901, 0.0790233165025711, 1.0]], "procrustes": [[1.0, 0.8015944957733154, 0.6840319633483887, 0.5835115313529968, 0.5021728277206421, 0.428236722946167, 0.3621986210346222, 0.3225555419921875], [0.8015944957733154, 1.0, 0.7940398454666138, 0.678314208984375, 0.5880435705184937, 0.5056357383728027, 0.429582417011261, 0.38339266180992126], [0.6840319633483887, 0.7940398454666138, 1.0, 0.7900380492210388, 0.6896355152130127, 0.6052427291870117, 0.526232123374939, 0.4757736623287201], [0.5835115313529968, 0.678314208984375, 0.7900380492210388, 1.0, 0.8275328278541565, 0.7374672293663025, 0.6554239392280579, 0.5971015691757202], [0.5021728277206421, 0.5880435705184937, 0.6896355152130127, 0.8275328278541565, 1.0, 0.8953800797462463, 0.8212279081344604, 0.7626524567604065], [0.428236722946167, 0.5056357383728027, 0.6052427291870117, 0.7374672293663025, 0.8953800797462463, 1.0, 0.9462140202522278, 0.8987281918525696], [0.3621986210346222, 0.429582417011261, 0.526232123374939, 0.6554239392280579, 0.8212279081344604, 0.9462140202522278, 1.0, 0.9736135601997375], [0.3225555419921875, 0.38339266180992126, 0.4757736623287201, 0.5971015691757202, 0.7626524567604065, 0.8987281918525696, 0.9736135601997375, 1.0]], "pc1_variance": [0.10131390392780304, 0.06165270134806633, 0.06368089467287064, 0.09734813868999481, 0.16620998084545135, 0.24738426506519318, 0.3026023209095001, 0.3269209861755371], "probe_accuracy_per_layer": [0.4085000157356262, 0.4150000214576721, 0.4425000250339508, 0.4505000114440918, 0.44450002908706665, 0.445000022649765, 0.49550002813339233, 0.4855000376701355]}, "init": {"cka": [[1.0, 0.9505478739738464, 0.8540329337120056, 0.7517581582069397, 0.6681561470031738, 0.5990053415298462, 0.5572580695152283, 0.47192496061325073], [0.9505478739738464, 1.0, 0.9482822418212891, 0.869435727596283, 0.7966422438621521, 0.7391588091850281, 0.7041404843330383, 0.6241587400436401], [0.8540329337120056, 0.9482822418212891, 1.0, 0.9533157348632812, 0.8981908559799194, 0.8542842268943787, 0.8249760866165161, 0.7562268972396851], [0.7517581582069397, 0.869435727596283, 0.9533157348632812, 1.0, 0.9651510715484619, 0.9278119802474976, 0.896877110004425, 0.8436403274536133], [0.6681561470031738, 0.7966422438621521, 0.8981908559799194, 0.9651510715484619, 1.0, 0.9677474498748779, 0.9389450550079346, 0.8964144587516785], [0.5990053415298462, 0.7391588091850281, 0.8542842268943787, 0.9278119802474976, 0.9677474498748779, 1.0, 0.9735231995582581, 0.939854085445404], [0.5572580695152283, 0.7041404843330383, 0.8249760866165161, 0.896877110004425, 0.9389450550079346, 0.9735231995582581, 1.0, 0.9710216522216797], [0.47192496061325073, 0.6241587400436401, 0.7562268972396851, 0.8436403274536133, 0.8964144587516785, 0.939854085445404, 0.9710216522216797, 1.0]], "cosine": [[1.0, 0.05334390699863434, 0.057263705879449844, 0.03686606138944626, 0.05361867696046829, 0.045851562172174454, 0.048840444535017014, 0.05668584629893303], [0.05334390699863434, 1.0, 0.048593539744615555, 0.055579911917448044, 0.05531586334109306, 0.05278685316443443, 0.06121441349387169, 0.06072114035487175], [0.057263705879449844, 0.048593539744615555, 1.0, 0.06255199015140533, 0.06254429370164871, 0.06382758915424347, 0.06997483968734741, 0.07756424695253372], [0.03686606138944626, 0.055579911917448044, 0.06255199015140533, 1.0, 0.07408449798822403, 0.07243378460407257, 0.08398549258708954, 0.07624978572130203], [0.05361867696046829, 0.05531586334109306, 0.06254429370164871, 0.07408449798822403, 1.0, 0.0700477659702301, 0.08960339426994324, 0.07971178740262985], [0.045851562172174454, 0.05278685316443443, 0.06382758915424347, 0.07243378460407257, 0.0700477659702301, 1.0, 0.08464530855417252, 0.08697372674942017], [0.048840444535017014, 0.06121441349387169, 0.06997483968734741, 0.08398549258708954, 0.08960339426994324, 0.08464530855417252, 1.0, 0.06160721182823181], [0.05668584629893303, 0.06072114035487175, 0.07756424695253372, 0.07624978572130203, 0.07971178740262985, 0.08697372674942017, 0.06160721182823181, 1.0]], "procrustes": [[1.0, 0.8858367204666138, 0.8091824650764465, 0.7491102814674377, 0.7003977298736572, 0.6610401272773743, 0.6334033608436584, 0.5996932983398438], [0.8858367204666138, 1.0, 0.8944512009620667, 0.8206584453582764, 0.765146017074585, 0.7217163443565369, 0.6917423009872437, 0.6578394174575806], [0.8091824650764465, 0.8944512009620667, 1.0, 0.8985684514045715, 0.8321260213851929, 0.7817273139953613, 0.7471883893013, 0.7107256650924683], [0.7491102814674377, 0.8206584453582764, 0.8985684514045715, 1.0, 0.9078478813171387, 0.8441480398178101, 0.8003722429275513, 0.7581172585487366], [0.7003977298736572, 0.765146017074585, 0.8321260213851929, 0.9078478813171387, 1.0, 0.9125524759292603, 0.8569505214691162, 0.8074162602424622], [0.6610401272773743, 0.7217163443565369, 0.7817273139953613, 0.8441480398178101, 0.9125524759292603, 1.0, 0.9226969480514526, 0.8635045289993286], [0.6334033608436584, 0.6917423009872437, 0.7471883893013, 0.8003722429275513, 0.8569505214691162, 0.9226969480514526, 1.0, 0.9242942929267883], [0.5996932983398438, 0.6578394174575806, 0.7107256650924683, 0.7581172585487366, 0.8074162602424622, 0.8635045289993286, 0.9242942929267883, 1.0]], "pc1_variance": [0.21771292388439178, 0.2061045616865158, 0.20740416646003723, 0.21153117716312408, 0.21704497933387756, 0.22688139975070953, 0.25457948446273804, 0.29657474160194397], "probe_accuracy_per_layer": null}, "cka_trained_vs_init_per_layer": [0.6723255515098572, 0.46998947858810425, 0.3323131501674652, 0.2248695194721222, 0.15148304402828217, 0.11222350597381592, 0.08935202658176422, 0.081474170088768], "runtime_sec": 12.478523254394531}