{"config": {"input_dim": 3072, "num_classes": 10, "depth": 8, "width": 2048, "init_scale": 1.0, "nonlinearity": "relu"}, "dataset": "cifar10", "seed": 1, "epochs": 15, "shuffle_labels": false, "test_accuracy": 0.533, "history": {"train_loss": [2.0474870959106757, 1.8242590816653506, 1.5983649443606942, 1.4467790589040639, 1.3223903799543575, 1.2248744076612044, 1.1189723428414793, 1.0192703659437141, 0.9113384765021655, 0.7938221242963052, 0.6713474478040423, 0.5543144384817201, 0.4531708387087803, 0.3751613418666684, 0.333399129461269], "val_acc": [0.2112, 0.3486, 0.4532, 0.4744, 0.493, 0.5016, 0.5128, 0.5252, 0.5254, 0.5282, 0.539, 0.5338, 0.5352, 0.5322, 0.533], "param_delta_ratio": 1.152665853757251, "n_params": 35688458}, "trained": {"cka": [[1.0, 0.5837653279304504, 0.17129486799240112, 0.1050870344042778, 0.08453197777271271, 0.07782072573900223, 0.08628708869218826, 0.09207858145236969], [0.5837653279304504, 1.0, 0.4840940535068512, 0.34588780999183655, 0.3061051368713379, 0.2877689599990845, 0.29333966970443726, 0.30143553018569946], [0.17129486799240112, 0.4840940535068512, 1.0, 0.8882355690002441, 0.8644691109657288, 0.8412085175514221, 0.7787261009216309, 0.7803092002868652], [0.1050870344042778, 0.34588780999183655, 0.8882355690002441, 1.0, 0.9852961897850037, 0.9671709537506104, 0.9309256672859192, 0.9087970852851868], [0.08453197777271271, 0.3061051368713379, 0.8644691109657288, 0.9852961897850037, 1.0, 0.9882193803787231, 0.9463545680046082, 0.9190096259117126], [0.07782072573900223, 0.2877689599990845, 0.8412085175514221, 0.9671709537506104, 0.9882193803787231, 1.0, 0.9627267122268677, 0.9363895058631897], [0.08628708869218826, 0.29333966970443726, 0.7787261009216309, 0.9309256672859192, 0.9463545680046082, 0.9627267122268677, 1.0, 0.9885372519493103], [0.09207858145236969, 0.30143553018569946, 0.7803092002868652, 0.9087970852851868, 0.9190096259117126, 0.9363895058631897, 0.9885372519493103, 1.0]], "cosine": [[1.0, 0.007108502555638552, 0.017070366069674492, 0.012832905165851116, 0.005544558633118868, 0.005729285068809986, 0.004899915773421526, 0.00012894076644442976], [0.007108502555638552, 1.0, 0.01232865545898676, 0.008306791074573994, 0.011323831044137478, 0.007029186002910137, 0.015414508059620857, 0.002818081062287092], [0.017070366069674492, 0.01232865545898676, 1.0, 0.02289133332669735, 0.026510173454880714, 0.03230217471718788, 0.035480719059705734, 0.029928967356681824], [0.012832905165851116, 0.008306791074573994, 0.02289133332669735, 1.0, 0.007502352818846703, 0.021959558129310608, 0.01945633254945278, 0.010057640261948109], [0.005544558633118868, 0.011323831044137478, 0.026510173454880714, 0.007502352818846703, 1.0, 0.02461451105773449, 0.038417667150497437, 0.05113756284117699], [0.005729285068809986, 0.007029186002910137, 0.03230217471718788, 0.021959558129310608, 0.02461451105773449, 1.0, 0.028507839888334274, 0.015372343361377716], [0.004899915773421526, 0.015414508059620857, 0.035480719059705734, 0.01945633254945278, 0.038417667150497437, 0.028507839888334274, 1.0, 0.03608865290880203], [0.00012894076644442976, 0.002818081062287092, 0.029928967356681824, 0.010057640261948109, 0.05113756284117699, 0.015372343361377716, 0.03608865290880203, 1.0]], "procrustes": [[1.0, 0.6656637191772461, 0.46587029099464417, 0.30939218401908875, 0.2328774780035019, 0.2179141342639923, 0.2244580090045929, 0.22927157580852509], [0.6656637191772461, 1.0, 0.7107080221176147, 0.5195361971855164, 0.425400972366333, 0.40368759632110596, 0.4074590504169464, 0.4117925763130188], [0.46587029099464417, 0.7107080221176147, 1.0, 0.8277520537376404, 0.7490978240966797, 0.7262742519378662, 0.7013239860534668, 0.6925792694091797], [0.30939218401908875, 0.5195361971855164, 0.8277520537376404, 1.0, 0.9602972865104675, 0.9395519495010376, 0.9168633818626404, 0.8934013843536377], [0.2328774780035019, 0.425400972366333, 0.7490978240966797, 0.9602972865104675, 1.0, 0.9873132109642029, 0.9634730219841003, 0.9369113445281982], [0.2179141342639923, 0.40368759632110596, 0.7262742519378662, 0.9395519495010376, 0.9873132109642029, 1.0, 0.9824683666229248, 0.9618171453475952], [0.2244580090045929, 0.4074590504169464, 0.7013239860534668, 0.9168633818626404, 0.9634730219841003, 0.9824683666229248, 1.0, 0.99080491065979], [0.22927157580852509, 0.4117925763130188, 0.6925792694091797, 0.8934013843536377, 0.9369113445281982, 0.9618171453475952, 0.99080491065979, 1.0]], "pc1_variance": [0.14916953444480896, 0.1390238255262375, 0.31258484721183777, 0.3837865889072418, 0.4552285969257355, 0.46667516231536865, 0.40291503071784973, 0.4146699011325836], "probe_accuracy_per_layer": [0.4100000262260437, 0.4645000100135803, 0.44700002670288086, 0.4540000259876251, 0.4780000150203705, 0.4465000331401825, 0.4710000157356262, 0.4505000114440918]}, "init": {"cka": [[1.0, 0.9717435240745544, 0.916307806968689, 0.8385401964187622, 0.8012009263038635, 0.7941152453422546, 0.7806040048599243, 0.7781526446342468], [0.9717435240745544, 1.0, 0.974956214427948, 0.9257121086120605, 0.896106481552124, 0.8874570727348328, 0.8736239671707153, 0.8690993785858154], [0.916307806968689, 0.974956214427948, 1.0, 0.977146565914154, 0.9567183256149292, 0.9481313824653625, 0.9358255863189697, 0.9288179278373718], [0.8385401964187622, 0.9257121086120605, 0.977146565914154, 1.0, 0.9883896708488464, 0.9790598750114441, 0.9684937000274658, 0.96003258228302], [0.8012009263038635, 0.896106481552124, 0.9567183256149292, 0.9883896708488464, 1.0, 0.9903602600097656, 0.9805368185043335, 0.9710367321968079], [0.7941152453422546, 0.8874570727348328, 0.9481313824653625, 0.9790598750114441, 0.9903602600097656, 1.0, 0.9902207851409912, 0.9798985123634338], [0.7806040048599243, 0.8736239671707153, 0.9358255863189697, 0.9684937000274658, 0.9805368185043335, 0.9902207851409912, 1.0, 0.9900185465812683], [0.7781526446342468, 0.8690993785858154, 0.9288179278373718, 0.96003258228302, 0.9710367321968079, 0.9798985123634338, 0.9900185465812683, 1.0]], "cosine": [[1.0, 0.039352357387542725, 0.0462183840572834, 0.04805370792746544, 0.033850956708192825, 0.020141391083598137, 0.006637122947722673, -0.0057878559455275536], [0.039352357387542725, 1.0, 0.04487369954586029, 0.04561441391706467, 0.03881022334098816, 0.019487153738737106, 0.010531555861234665, 0.004881879314780235], [0.0462183840572834, 0.04487369954586029, 1.0, 0.053880345076322556, 0.045314159244298935, 0.02041725255548954, 0.009197434410452843, 0.007250324822962284], [0.04805370792746544, 0.04561441391706467, 0.053880345076322556, 1.0, 0.04160759598016739, 0.023122914135456085, 0.010600876994431019, 9.653146116761491e-05], [0.033850956708192825, 0.03881022334098816, 0.045314159244298935, 0.04160759598016739, 1.0, 0.01679341122508049, 0.00824753288179636, -0.005623966921120882], [0.020141391083598137, 0.019487153738737106, 0.02041725255548954, 0.023122914135456085, 0.01679341122508049, 1.0, 0.0036228697281330824, -0.0009086269419640303], [0.006637122947722673, 0.010531555861234665, 0.009197434410452843, 0.010600876994431019, 0.00824753288179636, 0.0036228697281330824, 1.0, 0.000882867956534028], [-0.0057878559455275536, 0.004881879314780235, 0.007250324822962284, 9.653146116761491e-05, -0.005623966921120882, -0.0009086269419640303, 0.000882867956534028, 1.0]], "procrustes": [[1.0, 0.9269976019859314, 0.8732141256332397, 0.8296650648117065, 0.7972530126571655, 0.770634651184082, 0.7486230731010437, 0.7324157357215881], [0.9269976019859314, 1.0, 0.9253711700439453, 0.8751176595687866, 0.8375093936920166, 0.8064439296722412, 0.7805261611938477, 0.7609353065490723], [0.8732141256332397, 0.9253711700439453, 1.0, 0.9284011125564575, 0.8823959827423096, 0.8463751673698425, 0.817727267742157, 0.7955175638198853], [0.8296650648117065, 0.8751176595687866, 0.9284011125564575, 1.0, 0.9360876679420471, 0.8930940628051758, 0.8609253764152527, 0.8356998562812805], [0.7972530126571655, 0.8375093936920166, 0.8823959827423096, 0.9360876679420471, 1.0, 0.9455440044403076, 0.909274697303772, 0.8811749815940857], [0.770634651184082, 0.8064439296722412, 0.8463751673698425, 0.8930940628051758, 0.9455440044403076, 1.0, 0.9586154222488403, 0.9279322624206543], [0.7486230731010437, 0.7805261611938477, 0.817727267742157, 0.8609253764152527, 0.909274697303772, 0.9586154222488403, 1.0, 0.9681543111801147], [0.7324157357215881, 0.7609353065490723, 0.7955175638198853, 0.8356998562812805, 0.8811749815940857, 0.9279322624206543, 0.9681543111801147, 1.0]], "pc1_variance": [0.2195613980293274, 0.16989848017692566, 0.16435447335243225, 0.16971904039382935, 0.17954419553279877, 0.17725563049316406, 0.18319657444953918, 0.18118350207805634], "probe_accuracy_per_layer": null}, "cka_trained_vs_init_per_layer": [0.5614578723907471, 0.341047465801239, 0.1234092265367508, 0.07859469950199127, 0.06614292412996292, 0.056381016969680786, 0.06196201220154762, 0.06941160559654236], "runtime_sec": 292.51688957214355}