{"config": {"input_dim": 3072, "num_classes": 10, "depth": 4, "width": 2048, "init_scale": 1.0, "nonlinearity": "relu"}, "dataset": "cifar10", "seed": 1, "epochs": 15, "shuffle_labels": false, "test_accuracy": 0.5618, "history": {"train_loss": [1.8034373424491104, 1.4992418471647768, 1.348974199927583, 1.232882785553835, 1.12035300050463, 1.002266379035249, 0.8782747199340742, 0.7537997869812713, 0.6010725011630934, 0.45397781960818234, 0.30920796248377586, 0.1977889779575017, 0.1251432405290555, 0.08644404319324056, 0.07130068019792742], "val_acc": [0.4294, 0.481, 0.5074, 0.5096, 0.5366, 0.5316, 0.5392, 0.5456, 0.5582, 0.5522, 0.5572, 0.5626, 0.5598, 0.5602, 0.5618], "param_delta_ratio": 1.4315121065805998, "n_params": 18903050}, "trained": {"cka": [[1.0, 0.6106356382369995, 0.277354896068573, 0.13513627648353577], [0.6106356382369995, 1.0, 0.6588568687438965, 0.4157046377658844], [0.277354896068573, 0.6588568687438965, 1.0, 0.892893373966217], [0.13513627648353577, 0.4157046377658844, 0.892893373966217, 1.0]], "cosine": [[1.0, 0.013917108066380024, 0.018474401906132698, 0.0018209567060694098], [0.013917108066380024, 1.0, 0.010307366959750652, 0.012778734788298607], [0.018474401906132698, 0.010307366959750652, 1.0, 0.02987796626985073], [0.0018209567060694098, 0.012778734788298607, 0.02987796626985073, 1.0]], "procrustes": [[1.0, 0.7089049816131592, 0.564908504486084, 0.388091504573822], [0.7089049816131592, 1.0, 0.7645409107208252, 0.5719396471977234], [0.564908504486084, 0.7645409107208252, 1.0, 0.814670741558075], [0.388091504573822, 0.5719396471977234, 0.814670741558075, 1.0]], "pc1_variance": [0.17604103684425354, 0.07675112038850784, 0.12434783577919006, 0.31705012917518616], "probe_accuracy_per_layer": [0.4305000305175781, 0.4595000147819519, 0.47850000858306885, 0.4870000183582306]}, "init": {"cka": [[1.0, 0.9717435240745544, 0.916307806968689, 0.8385401964187622], [0.9717435240745544, 1.0, 0.974956214427948, 0.9257121086120605], [0.916307806968689, 0.974956214427948, 1.0, 0.977146565914154], [0.8385401964187622, 0.9257121086120605, 0.977146565914154, 1.0]], "cosine": [[1.0, 0.039352357387542725, 0.0462183840572834, 0.04805370792746544], [0.039352357387542725, 1.0, 0.04487369954586029, 0.04561441391706467], [0.0462183840572834, 0.04487369954586029, 1.0, 0.053880345076322556], [0.04805370792746544, 0.04561441391706467, 0.053880345076322556, 1.0]], "procrustes": [[1.0, 0.9269976019859314, 0.8732141256332397, 0.8296650648117065], [0.9269976019859314, 1.0, 0.9253711700439453, 0.8751176595687866], [0.8732141256332397, 0.9253711700439453, 1.0, 0.9284011125564575], [0.8296650648117065, 0.8751176595687866, 0.9284011125564575, 1.0]], "pc1_variance": [0.2195613980293274, 0.16989848017692566, 0.16435447335243225, 0.16971904039382935], "probe_accuracy_per_layer": null}, "cka_trained_vs_init_per_layer": [0.4990313947200775, 0.372607558965683, 0.19998730719089508, 0.12539377808570862], "runtime_sec": 45.89217162132263}