{"config": {"input_dim": 3072, "num_classes": 10, "depth": 8, "width": 512, "init_scale": 1.0, "nonlinearity": "relu"}, "dataset": "cifar10", "seed": 1, "epochs": 15, "shuffle_labels": false, "test_accuracy": 0.5374, "history": {"train_loss": [1.8985888361930847, 1.6295715400150843, 1.4640325052397591, 1.344159828156841, 1.2325168726395588, 1.1326358452135203, 1.0200557161350639, 0.9136317183776778, 0.7816773038737628, 0.6464166568250073, 0.503971623827, 0.38195541683508427, 0.27966418999190235, 0.21219045151861346, 0.17962230627938192], "val_acc": [0.372, 0.4424, 0.4908, 0.5018, 0.5112, 0.5248, 0.5324, 0.5334, 0.5404, 0.5518, 0.5444, 0.541, 0.5388, 0.5402, 0.5374], "param_delta_ratio": 1.1812672132037731, "n_params": 3417098}, "trained": {"cka": [[1.0, 0.665647029876709, 0.3305632174015045, 0.14634190499782562, 0.11679278314113617, 0.11410783976316452, 0.11812867224216461, 0.12246376276016235], [0.665647029876709, 1.0, 0.6577197909355164, 0.3708152174949646, 0.31689566373825073, 0.3062191605567932, 0.3087588846683502, 0.3124130964279175], [0.3305632174015045, 0.6577197909355164, 1.0, 0.869215190410614, 0.8026688098907471, 0.7726738452911377, 0.749393105506897, 0.73525071144104], [0.14634190499782562, 0.3708152174949646, 0.869215190410614, 1.0, 0.9805370569229126, 0.9564079642295837, 0.926132321357727, 0.8983851671218872], [0.11679278314113617, 0.31689566373825073, 0.8026688098907471, 0.9805370569229126, 1.0, 0.9905552268028259, 0.9697341918945312, 0.9426186084747314], [0.11410783976316452, 0.3062191605567932, 0.7726738452911377, 0.9564079642295837, 0.9905552268028259, 1.0, 0.9914249777793884, 0.9693227410316467], [0.11812867224216461, 0.3087588846683502, 0.749393105506897, 0.926132321357727, 0.9697341918945312, 0.9914249777793884, 1.0, 0.9891546964645386], [0.12246376276016235, 0.3124130964279175, 0.73525071144104, 0.8983851671218872, 0.9426186084747314, 0.9693227410316467, 0.9891546964645386, 1.0]], "cosine": [[1.0, 0.023409269750118256, 0.039128027856349945, 0.027120452374219894, 0.019817734137177467, 0.015033435076475143, -0.0005975627573207021, 0.013413198292255402], [0.023409269750118256, 1.0, 0.02771812677383423, 0.033956483006477356, 0.036441028118133545, 0.018031982704997063, 0.025485483929514885, 0.02708151750266552], [0.039128027856349945, 0.02771812677383423, 1.0, 0.08531925082206726, 0.05496343970298767, 0.060414426028728485, 0.040706586092710495, 0.05434068292379379], [0.027120452374219894, 0.033956483006477356, 0.08531925082206726, 1.0, 0.09643135964870453, 0.11073377728462219, 0.07265633344650269, 0.07801559567451477], [0.019817734137177467, 0.036441028118133545, 0.05496343970298767, 0.09643135964870453, 1.0, 0.13069362938404083, 0.11910984665155411, 0.10222014784812927], [0.015033435076475143, 0.018031982704997063, 0.060414426028728485, 0.11073377728462219, 0.13069362938404083, 1.0, 0.10266255587339401, 0.11812973022460938], [-0.0005975627573207021, 0.025485483929514885, 0.040706586092710495, 0.07265633344650269, 0.11910984665155411, 0.10266255587339401, 1.0, 0.10310158133506775], [0.013413198292255402, 0.02708151750266552, 0.05434068292379379, 0.07801559567451477, 0.10222014784812927, 0.11812973022460938, 0.10310158133506775, 1.0]], "procrustes": [[1.0, 0.724097728729248, 0.5519454479217529, 0.38068604469299316, 0.2758154571056366, 0.25165897607803345, 0.2488967925310135, 0.25079774856567383], [0.724097728729248, 1.0, 0.7458740472793579, 0.5358546376228333, 0.3968959152698517, 0.3621433973312378, 0.3561643064022064, 0.3560938835144043], [0.5519454479217529, 0.7458740472793579, 1.0, 0.8017765283584595, 0.6660741567611694, 0.6244450211524963, 0.6097122430801392, 0.6016179919242859], [0.38068604469299316, 0.5358546376228333, 0.8017765283584595, 1.0, 0.934824526309967, 0.9036382436752319, 0.8834840655326843, 0.8647503852844238], [0.2758154571056366, 0.3968959152698517, 0.6660741567611694, 0.934824526309967, 1.0, 0.98859041929245, 0.9746217727661133, 0.9555865526199341], [0.25165897607803345, 0.3621433973312378, 0.6244450211524963, 0.9036382436752319, 0.98859041929245, 1.0, 0.9935446381568909, 0.9792908430099487], [0.2488967925310135, 0.3561643064022064, 0.6097122430801392, 0.8834840655326843, 0.9746217727661133, 0.9935446381568909, 1.0, 0.9924903512001038], [0.25079774856567383, 0.3560938835144043, 0.6016179919242859, 0.8647503852844238, 0.9555865526199341, 0.9792908430099487, 0.9924903512001038, 1.0]], "pc1_variance": [0.12032825499773026, 0.09212538599967957, 0.16456207633018494, 0.3460388779640198, 0.4174222946166992, 0.3951874375343323, 0.36876773834228516, 0.36342522501945496], "probe_accuracy_per_layer": [0.4130000174045563, 0.45500001311302185, 0.453000009059906, 0.4555000364780426, 0.5020000338554382, 0.5135000348091125, 0.47450003027915955, 0.5095000267028809]}, "init": {"cka": [[1.0, 0.9559954404830933, 0.8947148323059082, 0.8485745787620544, 0.776718020439148, 0.747246265411377, 0.6914671063423157, 0.6801711916923523], [0.9559954404830933, 1.0, 0.9602088332176208, 0.9195062518119812, 0.8554701209068298, 0.8124785423278809, 0.7403585314750671, 0.7260425686836243], [0.8947148323059082, 0.9602088332176208, 1.0, 0.9653035998344421, 0.912689745426178, 0.8648645281791687, 0.7933184504508972, 0.7713663578033447], [0.8485745787620544, 0.9195062518119812, 0.9653035998344421, 1.0, 0.9520045518875122, 0.9001410007476807, 0.8295071721076965, 0.8041616678237915], [0.776718020439148, 0.8554701209068298, 0.912689745426178, 0.9520045518875122, 1.0, 0.9486430883407593, 0.8847099542617798, 0.8538608551025391], [0.747246265411377, 0.8124785423278809, 0.8648645281791687, 0.9001410007476807, 0.9486430883407593, 1.0, 0.9431836605072021, 0.9036197662353516], [0.6914671063423157, 0.7403585314750671, 0.7933184504508972, 0.8295071721076965, 0.8847099542617798, 0.9431836605072021, 1.0, 0.952568769454956], [0.6801711916923523, 0.7260425686836243, 0.7713663578033447, 0.8041616678237915, 0.8538608551025391, 0.9036197662353516, 0.952568769454956, 1.0]], "cosine": [[1.0, 0.028274599462747574, 0.03605165705084801, 0.017332574352622032, 0.03390786424279213, 0.011470641940832138, -0.0002498237881809473, -0.0034700827673077583], [0.028274599462747574, 1.0, 0.030106207355856895, 0.0507565401494503, 0.036276187747716904, 0.003899673465639353, 0.01214801799505949, 0.002281942404806614], [0.03605165705084801, 0.030106207355856895, 1.0, 0.037220560014247894, 0.036278244107961655, 0.025919636711478233, 0.009058350697159767, 0.007495405618101358], [0.017332574352622032, 0.0507565401494503, 0.037220560014247894, 1.0, 0.02306719496846199, 0.016003550961613655, -0.007778642233461142, 0.009214375168085098], [0.03390786424279213, 0.036276187747716904, 0.036278244107961655, 0.02306719496846199, 1.0, 0.005581448785960674, 0.010815073736011982, 0.007453629747033119], [0.011470641940832138, 0.003899673465639353, 0.025919636711478233, 0.016003550961613655, 0.005581448785960674, 1.0, 0.002315468154847622, 0.022763369604945183], [-0.0002498237881809473, 0.01214801799505949, 0.009058350697159767, -0.007778642233461142, 0.010815073736011982, 0.002315468154847622, 1.0, 0.0037473724223673344], [-0.0034700827673077583, 0.002281942404806614, 0.007495405618101358, 0.009214375168085098, 0.007453629747033119, 0.022763369604945183, 0.0037473724223673344, 1.0]], "procrustes": [[1.0, 0.8851743340492249, 0.8091325163841248, 0.7545763254165649, 0.707604706287384, 0.6749991774559021, 0.6458210945129395, 0.6337172985076904], [0.8851743340492249, 1.0, 0.8916928768157959, 0.8200453519821167, 0.7652111053466797, 0.7267048358917236, 0.6923902630805969, 0.6770021915435791], [0.8091325163841248, 0.8916928768157959, 1.0, 0.89698725938797, 0.8317641019821167, 0.7870680093765259, 0.7490426301956177, 0.729108989238739], [0.7545763254165649, 0.8200453519821167, 0.89698725938797, 1.0, 0.9127505421638489, 0.859337568283081, 0.8157759308815002, 0.7910888195037842], [0.707604706287384, 0.7652111053466797, 0.8317641019821167, 0.9127505421638489, 1.0, 0.9356204867362976, 0.8868833780288696, 0.85690838098526], [0.6749991774559021, 0.7267048358917236, 0.7870680093765259, 0.859337568283081, 0.9356204867362976, 1.0, 0.9486455917358398, 0.9145355224609375], [0.6458210945129395, 0.6923902630805969, 0.7490426301956177, 0.8157759308815002, 0.8868833780288696, 0.9486455917358398, 1.0, 0.964522123336792], [0.6337172985076904, 0.6770021915435791, 0.729108989238739, 0.7910888195037842, 0.85690838098526, 0.9145355224609375, 0.964522123336792, 1.0]], "pc1_variance": [0.2258136123418808, 0.20224881172180176, 0.17599791288375854, 0.1719779521226883, 0.14654141664505005, 0.13153353333473206, 0.1175777018070221, 0.1254298835992813], "probe_accuracy_per_layer": null}, "cka_trained_vs_init_per_layer": [0.5703027844429016, 0.35226690769195557, 0.1686219424009323, 0.07761471718549728, 0.06980164349079132, 0.0679488331079483, 0.06624015420675278, 0.06791111826896667], "runtime_sec": 15.199167728424072}