{"config": {"input_dim": 3072, "num_classes": 10, "depth": 16, "width": 512, "init_scale": 1.0, "nonlinearity": "relu"}, "dataset": "cifar10", "seed": 1, "epochs": 15, "shuffle_labels": false, "test_accuracy": 0.4198, "history": {"train_loss": [2.1265423127583096, 1.9662332778074303, 1.8919827743452422, 1.804778814315796, 1.7405121277789681, 1.6981554931523848, 1.6900342605551895, 1.7548595204645274, 1.719480690907459, 1.7398712270113887, 1.6484706559959723, 1.5827605103959843, 1.546223214694432, 1.5196629203095728, 1.5038413429746822], "val_acc": [0.195, 0.213, 0.2974, 0.3318, 0.341, 0.3686, 0.373, 0.3484, 0.3252, 0.3604, 0.3918, 0.4018, 0.4148, 0.4164, 0.4198], "param_delta_ratio": 0.9048205827459368, "n_params": 5518346}, "trained": {"cka": [[1.0, 0.7576037049293518, 0.17633913457393646, 0.05848709121346474, 0.05176803469657898, 0.051031146198511124, 0.05090947821736336, 0.05087137967348099, 0.05082956701517105, 0.05081167444586754, 0.0508342869579792, 0.05107490345835686, 0.05265042185783386, 0.05464603006839752, 0.061309151351451874, 0.12772490084171295], [0.7576037049293518, 1.0, 0.37012144923210144, 0.16805970668792725, 0.15320327877998352, 0.15135493874549866, 0.15109068155288696, 0.15100347995758057, 0.15090835094451904, 0.15086033940315247, 0.1508788913488388, 0.15124212205410004, 0.1536659598350525, 0.1563849002122879, 0.16650886833667755, 0.2649131417274475], [0.17633913457393646, 0.37012144923210144, 1.0, 0.9537246823310852, 0.9401733875274658, 0.9380990266799927, 0.937811017036438, 0.9377310276031494, 0.9376246333122253, 0.9375682473182678, 0.9375452399253845, 0.9375898241996765, 0.938164472579956, 0.937887966632843, 0.938589334487915, 0.8681282997131348], [0.05848709121346474, 0.16805970668792725, 0.9537246823310852, 1.0, 0.9982766509056091, 0.9977205991744995, 0.9976364374160767, 0.9976105093955994, 0.9975776076316833, 0.9975587129592896, 0.9975477457046509, 0.9975329637527466, 0.9974499344825745, 0.9967997670173645, 0.9941738843917847, 0.8761427402496338], [0.05176803469657898, 0.15320327877998352, 0.9401733875274658, 0.9982766509056091, 1.0, 0.9999567270278931, 0.9999436140060425, 0.9999382495880127, 0.9999321699142456, 0.9999282956123352, 0.9999257922172546, 0.9999196529388428, 0.9997745156288147, 0.9992176294326782, 0.9962443113327026, 0.8724720478057861], [0.051031146198511124, 0.15135493874549866, 0.9380990266799927, 0.9977205991744995, 0.9999567270278931, 1.0, 0.9999986886978149, 0.9999973177909851, 0.9999959468841553, 0.9999945759773254, 0.9999939203262329, 0.999988853931427, 0.9998343586921692, 0.9992966055870056, 0.996269941329956, 0.8715904951095581], [0.05090947821736336, 0.15109068155288696, 0.937811017036438, 0.9976364374160767, 0.9999436140060425, 0.9999986886978149, 1.0, 0.9999995827674866, 0.9999991059303284, 0.9999982714653015, 0.9999980926513672, 0.9999935030937195, 0.999837338924408, 0.9993001818656921, 0.9962685704231262, 0.8714832067489624], [0.05087137967348099, 0.15100347995758057, 0.9377310276031494, 0.9976105093955994, 0.9999382495880127, 0.9999973177909851, 0.9999995827674866, 1.0, 0.9999999403953552, 0.9999991059303284, 0.9999991655349731, 0.9999948740005493, 0.9998378157615662, 0.9992998242378235, 0.9962673783302307, 0.8714584708213806], [0.05082956701517105, 0.15090835094451904, 0.9376246333122253, 0.9975776076316833, 0.9999321699142456, 0.9999959468841553, 0.9999991059303284, 0.9999999403953552, 1.0, 0.9999997615814209, 0.9999997019767761, 0.9999953508377075, 0.99983811378479, 0.9992998838424683, 0.9962672591209412, 0.8714205622673035], [0.05081167444586754, 0.15086033940315247, 0.9375682473182678, 0.9975587129592896, 0.9999282956123352, 0.9999945759773254, 0.9999982714653015, 0.9999991059303284, 0.9999997615814209, 1.0, 1.0, 0.9999960064888, 0.9998387694358826, 0.9993019104003906, 0.9962705969810486, 0.8714162707328796], [0.0508342869579792, 0.1508788913488388, 0.9375452399253845, 0.9975477457046509, 0.9999257922172546, 0.9999939203262329, 0.9999980926513672, 0.9999991655349731, 0.9999997019767761, 1.0, 1.0, 0.9999974966049194, 0.9998459815979004, 0.9993178248405457, 0.996306300163269, 0.8715654611587524], [0.05107490345835686, 0.15124212205410004, 0.9375898241996765, 0.9975329637527466, 0.9999196529388428, 0.999988853931427, 0.9999935030937195, 0.9999948740005493, 0.9999953508377075, 0.9999960064888, 0.9999974966049194, 1.0, 0.999883770942688, 0.9993994832038879, 0.9964990615844727, 0.8724949955940247], [0.05265042185783386, 0.1536659598350525, 0.938164472579956, 0.9974499344825745, 0.9997745156288147, 0.9998343586921692, 0.999837338924408, 0.9998378157615662, 0.99983811378479, 0.9998387694358826, 0.9998459815979004, 0.999883770942688, 1.0, 0.9997929930686951, 0.9976197481155396, 0.8783991932868958], [0.05464603006839752, 0.1563849002122879, 0.937887966632843, 0.9967997670173645, 0.9992176294326782, 0.9992966055870056, 0.9993001818656921, 0.9992998242378235, 0.9992998838424683, 0.9993019104003906, 0.9993178248405457, 0.9993994832038879, 0.9997929930686951, 1.0, 0.9987326860427856, 0.8851976990699768], [0.061309151351451874, 0.16650886833667755, 0.938589334487915, 0.9941738843917847, 0.9962443113327026, 0.996269941329956, 0.9962685704231262, 0.9962673783302307, 0.9962672591209412, 0.9962705969810486, 0.996306300163269, 0.9964990615844727, 0.9976197481155396, 0.9987326860427856, 1.0, 0.9052973389625549], [0.12772490084171295, 0.2649131417274475, 0.8681282997131348, 0.8761427402496338, 0.8724720478057861, 0.8715904951095581, 0.8714832067489624, 0.8714584708213806, 0.8714205622673035, 0.8714162707328796, 0.8715654611587524, 0.8724949955940247, 0.8783991932868958, 0.8851976990699768, 0.9052973389625549, 1.0]], "cosine": [[1.0, 0.031147563830018044, 0.025866307318210602, 0.0005736929597333074, 0.003777220379561186, -0.004975288175046444, -0.004563705530017614, -0.005120177753269672, -0.0008436017669737339, -0.00040269288001582026, 0.00572038721293211, 0.004815353080630302, -0.0023414921015501022, 0.012747541069984436, 0.0010912609286606312, -0.0057794624008238316], [0.031147563830018044, 1.0, 0.05634370073676109, 0.04548276960849762, 0.045816484838724136, 0.028741130605340004, 0.04182551056146622, 0.017772948369383812, 0.022424455732107162, 0.022718941792845726, 0.01894940622150898, 0.0181895662099123, 0.02428840659558773, 0.016525061801075935, 0.018574248999357224, 0.005476933903992176], [0.025866307318210602, 0.05634370073676109, 1.0, 0.1384129673242569, 0.2252369374036789, 0.1364549696445465, 0.15778139233589172, 0.11432841420173645, 0.1135730892419815, 0.09185732156038284, 0.09316273778676987, 0.07701034843921661, 0.1014098972082138, 0.09851139783859253, 0.06036445125937462, 0.028707152232527733], [0.0005736929597333074, 0.04548276960849762, 0.1384129673242569, 1.0, 0.25095823407173157, 0.1899879276752472, 0.15243905782699585, 0.18380074203014374, 0.08939230442047119, 0.1894899606704712, 0.10107392072677612, 0.15715733170509338, 0.06890606880187988, 0.1792757213115692, 0.07972365617752075, 0.05011305585503578], [0.003777220379561186, 0.045816484838724136, 0.2252369374036789, 0.25095823407173157, 1.0, 0.23995353281497955, 0.1986711323261261, 0.18933559954166412, 0.143871009349823, 0.18045692145824432, 0.0913584902882576, 0.140734001994133, 0.12774428725242615, 0.21013173460960388, 0.06591257452964783, 0.0015509059885516763], [-0.004975288175046444, 0.028741130605340004, 0.1364549696445465, 0.1899879276752472, 0.23995353281497955, 1.0, 0.1546458750963211, 0.16068480908870697, 0.10522299259901047, 0.14902319014072418, 0.08802807331085205, 0.15829411149024963, 0.09488653391599655, 0.189227893948555, 0.12177646160125732, 0.03127800673246384], [-0.004563705530017614, 0.04182551056146622, 0.15778139233589172, 0.15243905782699585, 0.1986711323261261, 0.1546458750963211, 1.0, 0.09269024431705475, 0.056120213121175766, 0.08299372345209122, 0.09813268482685089, 0.13599903881549835, 0.08121056854724884, 0.13789093494415283, 0.07104337960481644, 0.013538277707993984], [-0.005120177753269672, 0.017772948369383812, 0.11432841420173645, 0.18380074203014374, 0.18933559954166412, 0.16068480908870697, 0.09269024431705475, 1.0, 0.07351870834827423, 0.10555806756019592, 0.037923384457826614, 0.1287812888622284, 0.027567388489842415, 0.08674914389848709, 0.0358252115547657, 0.0025870383251458406], [-0.0008436017669737339, 0.022424455732107162, 0.1135730892419815, 0.08939230442047119, 0.143871009349823, 0.10522299259901047, 0.056120213121175766, 0.07351870834827423, 1.0, 0.05767616257071495, 0.11125040054321289, 0.07259126752614975, 0.020244942978024483, 0.11920365691184998, 0.034564245492219925, 0.013611502014100552], [-0.00040269288001582026, 0.022718941792845726, 0.09185732156038284, 0.1894899606704712, 0.18045692145824432, 0.14902319014072418, 0.08299372345209122, 0.10555806756019592, 0.05767616257071495, 1.0, 0.0392506904900074, 0.03437609598040581, 0.019239798188209534, 0.10740864276885986, 0.04465658590197563, 0.002360190497711301], [0.00572038721293211, 0.01894940622150898, 0.09316273778676987, 0.10107392072677612, 0.0913584902882576, 0.08802807331085205, 0.09813268482685089, 0.037923384457826614, 0.11125040054321289, 0.0392506904900074, 1.0, 0.06234879046678543, 0.0033239752519875765, 0.04988278076052666, 0.13822118937969208, 0.013592660427093506], [0.004815353080630302, 0.0181895662099123, 0.07701034843921661, 0.15715733170509338, 0.140734001994133, 0.15829411149024963, 0.13599903881549835, 0.1287812888622284, 0.07259126752614975, 0.03437609598040581, 0.06234879046678543, 1.0, 0.05334579944610596, 0.10596384108066559, 0.21477802097797394, 0.013718909583985806], [-0.0023414921015501022, 0.02428840659558773, 0.1014098972082138, 0.06890606880187988, 0.12774428725242615, 0.09488653391599655, 0.08121056854724884, 0.027567388489842415, 0.020244942978024483, 0.019239798188209534, 0.0033239752519875765, 0.05334579944610596, 1.0, 0.05300474539399147, 0.01605231501162052, 0.02030744031071663], [0.012747541069984436, 0.016525061801075935, 0.09851139783859253, 0.1792757213115692, 0.21013173460960388, 0.189227893948555, 0.13789093494415283, 0.08674914389848709, 0.11920365691184998, 0.10740864276885986, 0.04988278076052666, 0.10596384108066559, 0.05300474539399147, 1.0, 0.1386336088180542, -0.002452487824484706], [0.0010912609286606312, 0.018574248999357224, 0.06036445125937462, 0.07972365617752075, 0.06591257452964783, 0.12177646160125732, 0.07104337960481644, 0.0358252115547657, 0.034564245492219925, 0.04465658590197563, 0.13822118937969208, 0.21477802097797394, 0.01605231501162052, 0.1386336088180542, 1.0, 0.007283602841198444], [-0.0057794624008238316, 0.005476933903992176, 0.028707152232527733, 0.05011305585503578, 0.0015509059885516763, 0.03127800673246384, 0.013538277707993984, 0.0025870383251458406, 0.013611502014100552, 0.002360190497711301, 0.013592660427093506, 0.013718909583985806, 0.02030744031071663, -0.002452487824484706, 0.007283602841198444, 1.0]], "procrustes": [[1.0, 0.8205308318138123, 0.4345954954624176, 0.17500871419906616, 0.1325906366109848, 0.12620049715042114, 0.12485305219888687, 0.12454570829868317, 0.12459200620651245, 0.12530319392681122, 0.12763535976409912, 0.1331932544708252, 0.1474611610174179, 0.1608879417181015, 0.1876031458377838, 0.2785820960998535], [0.8205308318138123, 1.0, 0.6478813886642456, 0.3069908618927002, 0.24773989617824554, 0.23879598081111908, 0.23698101937770844, 0.23656627535820007, 0.23663851618766785, 0.23757123947143555, 0.24057155847549438, 0.24776721000671387, 0.2660469710826874, 0.28373345732688904, 0.31896671652793884, 0.4327039122581482], [0.4345954954624176, 0.6478813886642456, 1.0, 0.8701234459877014, 0.8230274319648743, 0.8151048421859741, 0.8134781718254089, 0.8131015300750732, 0.8131242394447327, 0.8137640357017517, 0.8157740235328674, 0.8201844692230225, 0.8284597992897034, 0.835124671459198, 0.8435521125793457, 0.7904990315437317], [0.17500871419906616, 0.3069908618927002, 0.8701234459877014, 1.0, 0.9946871399879456, 0.9928491711616516, 0.9924415349960327, 0.9923362731933594, 0.9923080205917358, 0.9923734664916992, 0.9925158023834229, 0.9922817349433899, 0.9873359799385071, 0.9797425270080566, 0.9573333263397217, 0.7680476903915405], [0.1325906366109848, 0.24773989617824554, 0.8230274319648743, 0.9946871399879456, 1.0, 0.9998708367347717, 0.9998000860214233, 0.9997808933258057, 0.9997711777687073, 0.9997581243515015, 0.9996036887168884, 0.9986096620559692, 0.9915671348571777, 0.981737494468689, 0.9545509815216064, 0.7457094788551331], [0.12620049715042114, 0.23879598081111908, 0.8151048421859741, 0.9928491711616516, 0.9998708367347717, 1.0, 1.0000053644180298, 1.000001311302185, 0.9999961853027344, 0.9999733567237854, 0.9997771978378296, 0.9986770749092102, 0.9913402795791626, 0.9812005758285522, 0.9533627033233643, 0.7418297529220581], [0.12485305219888687, 0.23698101937770844, 0.8134781718254089, 0.9924415349960327, 0.9998000860214233, 1.0000053644180298, 1.0, 1.0000090599060059, 1.0000067949295044, 0.9999833106994629, 0.9997803568840027, 0.9986575841903687, 0.9912676811218262, 0.9810649752616882, 0.9530931711196899, 0.7410238981246948], [0.12454570829868317, 0.23656627535820007, 0.8131015300750732, 0.9923362731933594, 0.9997808933258057, 1.000001311302185, 1.0000090599060059, 1.0, 1.0000101327896118, 0.9999889135360718, 0.9997919201850891, 0.9986817836761475, 0.9913216233253479, 0.9811286926269531, 0.9531617760658264, 0.7410279512405396], [0.12459200620651245, 0.23663851618766785, 0.8131242394447327, 0.9923080205917358, 0.9997711777687073, 0.9999961853027344, 1.0000067949295044, 1.0000101327896118, 1.0, 0.9999982714653015, 0.9998252391815186, 0.9987626671791077, 0.9915297627449036, 0.9814265370368958, 0.953601062297821, 0.7417840361595154], [0.12530319392681122, 0.23757123947143555, 0.8137640357017517, 0.9923734664916992, 0.9997581243515015, 0.9999733567237854, 0.9999833106994629, 0.9999889135360718, 0.9999982714653015, 1.0, 0.9999079704284668, 0.9989973902702332, 0.9921585917472839, 0.9823411703109741, 0.9549720883369446, 0.7442660927772522], [0.12763535976409912, 0.24057155847549438, 0.8157740235328674, 0.9925158023834229, 0.9996036887168884, 0.9997771978378296, 0.9997803568840027, 0.9997919201850891, 0.9998252391815186, 0.9999079704284668, 1.0, 0.9995337724685669, 0.9938350915908813, 0.9848601222038269, 0.9588338732719421, 0.7514530420303345], [0.1331932544708252, 0.24776721000671387, 0.8201844692230225, 0.9922817349433899, 0.9986096620559692, 0.9986770749092102, 0.9986575841903687, 0.9986817836761475, 0.9987626671791077, 0.9989973902702332, 0.9995337724685669, 1.0, 0.996776819229126, 0.9896722435951233, 0.9666852355003357, 0.7671910524368286], [0.1474611610174179, 0.2660469710826874, 0.8284597992897034, 0.9873359799385071, 0.9915671348571777, 0.9913402795791626, 0.9912676811218262, 0.9913216233253479, 0.9915297627449036, 0.9921585917472839, 0.9938350915908813, 0.996776819229126, 1.0, 0.997832179069519, 0.9829740524291992, 0.8054249882698059], [0.1608879417181015, 0.28373345732688904, 0.835124671459198, 0.9797425270080566, 0.981737494468689, 0.9812005758285522, 0.9810649752616882, 0.9811286926269531, 0.9814265370368958, 0.9823411703109741, 0.9848601222038269, 0.9896722435951233, 0.997832179069519, 1.0, 0.9927093982696533, 0.838131308555603], [0.1876031458377838, 0.31896671652793884, 0.8435521125793457, 0.9573333263397217, 0.9545509815216064, 0.9533627033233643, 0.9530931711196899, 0.9531617760658264, 0.953601062297821, 0.9549720883369446, 0.9588338732719421, 0.9666852355003357, 0.9829740524291992, 0.9927093982696533, 1.0, 0.8953454494476318], [0.2785820960998535, 0.4327039122581482, 0.7904990315437317, 0.7680476903915405, 0.7457094788551331, 0.7418297529220581, 0.7410238981246948, 0.7410279512405396, 0.7417840361595154, 0.7442660927772522, 0.7514530420303345, 0.7671910524368286, 0.8054249882698059, 0.838131308555603, 0.8953454494476318, 1.0]], "pc1_variance": [0.2438327819108963, 0.3273480534553528, 0.6851856112480164, 0.9866384863853455, 0.999529242515564, 0.9999614953994751, 0.9999914169311523, 0.9999940395355225, 0.9999871850013733, 0.9999305009841919, 0.9994916915893555, 0.997165322303772, 0.9822565317153931, 0.9619256258010864, 0.9074537754058838, 0.5571334362030029], "probe_accuracy_per_layer": [0.39750000834465027, 0.4020000100135803, 0.42900002002716064, 0.38700002431869507, 0.40300002694129944, 0.41200003027915955, 0.4125000238418579, 0.3070000112056732, 0.4115000069141388, 0.3830000162124634, 0.41050001978874207, 0.3675000071525574, 0.343500018119812, 0.3555000126361847, 0.39250001311302185, 0.40150001645088196]}, "init": {"cka": [[1.0, 0.9559954404830933, 0.8947148323059082, 0.8485745787620544, 0.776718020439148, 0.747246265411377, 0.6914671063423157, 0.6801711916923523, 0.6543909907341003, 0.6258783340454102, 0.5766928195953369, 0.5543183088302612, 0.5250505805015564, 0.49542659521102905, 0.508638858795166, 0.5092631578445435], [0.9559954404830933, 1.0, 0.9602088332176208, 0.9195062518119812, 0.8554701209068298, 0.8124785423278809, 0.7403585314750671, 0.7260425686836243, 0.7077450752258301, 0.6820767521858215, 0.6330224275588989, 0.6129764318466187, 0.5725536346435547, 0.5497207641601562, 0.559065043926239, 0.5532078146934509], [0.8947148323059082, 0.9602088332176208, 1.0, 0.9653035998344421, 0.912689745426178, 0.8648645281791687, 0.7933184504508972, 0.7713663578033447, 0.7526713609695435, 0.7266102433204651, 0.6851770281791687, 0.662645697593689, 0.6222353577613831, 0.5996448993682861, 0.6040633916854858, 0.5924469232559204], [0.8485745787620544, 0.9195062518119812, 0.9653035998344421, 1.0, 0.9520045518875122, 0.9001410007476807, 0.8295071721076965, 0.8041616678237915, 0.788092851638794, 0.7618484497070312, 0.7221039533615112, 0.6967124938964844, 0.6543775200843811, 0.6321520209312439, 0.6347240209579468, 0.6210610866546631], [0.776718020439148, 0.8554701209068298, 0.912689745426178, 0.9520045518875122, 1.0, 0.9486430883407593, 0.8847099542617798, 0.8538608551025391, 0.8328279852867126, 0.8051205277442932, 0.7699947357177734, 0.7469502091407776, 0.7054230570793152, 0.6839332580566406, 0.6811352372169495, 0.6641720533370972], [0.747246265411377, 0.8124785423278809, 0.8648645281791687, 0.9001410007476807, 0.9486430883407593, 1.0, 0.9431836605072021, 0.9036197662353516, 0.8739489316940308, 0.8479586839675903, 0.8141124844551086, 0.7847762703895569, 0.7554623484611511, 0.7293431758880615, 0.7202645540237427, 0.7037875056266785], [0.6914671063423157, 0.7403585314750671, 0.7933184504508972, 0.8295071721076965, 0.8847099542617798, 0.9431836605072021, 1.0, 0.952568769454956, 0.9133001565933228, 0.8825210928916931, 0.8495314717292786, 0.8147737383842468, 0.7880077362060547, 0.7597640156745911, 0.744628369808197, 0.7277313470840454], [0.6801711916923523, 0.7260425686836243, 0.7713663578033447, 0.8041616678237915, 0.8538608551025391, 0.9036197662353516, 0.952568769454956, 1.0, 0.9564346671104431, 0.9272575974464417, 0.8947421312332153, 0.8613168597221375, 0.8311324119567871, 0.7996172904968262, 0.7803265452384949, 0.7653845548629761], [0.6543909907341003, 0.7077450752258301, 0.7526713609695435, 0.788092851638794, 0.8328279852867126, 0.8739489316940308, 0.9133001565933228, 0.9564346671104431, 1.0, 0.9664310216903687, 0.9250595569610596, 0.8962967991828918, 0.8576660752296448, 0.8311708569526672, 0.8113790154457092, 0.7969800233840942], [0.6258783340454102, 0.6820767521858215, 0.7266102433204651, 0.7618484497070312, 0.8051205277442932, 0.8479586839675903, 0.8825210928916931, 0.9272575974464417, 0.9664310216903687, 1.0, 0.9581835865974426, 0.9306364059448242, 0.8903843760490417, 0.864946722984314, 0.8445389270782471, 0.8299168944358826], [0.5766928195953369, 0.6330224275588989, 0.6851770281791687, 0.7221039533615112, 0.7699947357177734, 0.8141124844551086, 0.8495314717292786, 0.8947421312332153, 0.9250595569610596, 0.9581835865974426, 1.0, 0.9650682806968689, 0.9327345490455627, 0.9014105200767517, 0.8795967102050781, 0.8566024303436279], [0.5543183088302612, 0.6129764318466187, 0.662645697593689, 0.6967124938964844, 0.7469502091407776, 0.7847762703895569, 0.8147737383842468, 0.8613168597221375, 0.8962967991828918, 0.9306364059448242, 0.9650682806968689, 1.0, 0.9628218412399292, 0.9358721971511841, 0.9144546985626221, 0.892367959022522], [0.5250505805015564, 0.5725536346435547, 0.6222353577613831, 0.6543775200843811, 0.7054230570793152, 0.7554623484611511, 0.7880077362060547, 0.8311324119567871, 0.8576660752296448, 0.8903843760490417, 0.9327345490455627, 0.9628218412399292, 1.0, 0.9665943384170532, 0.9432065486907959, 0.9257799386978149], [0.49542659521102905, 0.5497207641601562, 0.5996448993682861, 0.6321520209312439, 0.6839332580566406, 0.7293431758880615, 0.7597640156745911, 0.7996172904968262, 0.8311708569526672, 0.864946722984314, 0.9014105200767517, 0.9358721971511841, 0.9665943384170532, 1.0, 0.9688459634780884, 0.9442460536956787], [0.508638858795166, 0.559065043926239, 0.6040633916854858, 0.6347240209579468, 0.6811352372169495, 0.7202645540237427, 0.744628369808197, 0.7803265452384949, 0.8113790154457092, 0.8445389270782471, 0.8795967102050781, 0.9144546985626221, 0.9432065486907959, 0.9688459634780884, 1.0, 0.967141330242157], [0.5092631578445435, 0.5532078146934509, 0.5924469232559204, 0.6210610866546631, 0.6641720533370972, 0.7037875056266785, 0.7277313470840454, 0.7653845548629761, 0.7969800233840942, 0.8299168944358826, 0.8566024303436279, 0.892367959022522, 0.9257799386978149, 0.9442460536956787, 0.967141330242157, 1.0]], "cosine": [[1.0, 0.028274599462747574, 0.03605165705084801, 0.017332574352622032, 0.03390786424279213, 0.011470641940832138, -0.0002498237881809473, -0.0034700827673077583, -0.008141743950545788, 0.0019864339847117662, 0.0016097694169729948, 0.008030288852751255, 5.327925464371219e-05, 6.047048373147845e-05, -0.006199432071298361, 0.0033951441291719675], [0.028274599462747574, 1.0, 0.030106207355856895, 0.0507565401494503, 0.036276187747716904, 0.003899673465639353, 0.01214801799505949, 0.002281942404806614, -0.011669188737869263, 0.006747698877006769, 0.0026762832421809435, -0.01033866312354803, -0.004077443853020668, 0.0002838161017280072, 0.002326179761439562, 0.0004307055496610701], [0.03605165705084801, 0.030106207355856895, 1.0, 0.037220560014247894, 0.036278244107961655, 0.025919636711478233, 0.009058350697159767, 0.007495405618101358, 0.008548997342586517, -0.014537226408720016, 0.0025435981806367636, -0.0007203124114312232, -0.004524989519268274, 0.0015182722127065063, 0.010877545922994614, 0.0011344243539497256], [0.017332574352622032, 0.0507565401494503, 0.037220560014247894, 1.0, 0.02306719496846199, 0.016003550961613655, -0.007778642233461142, 0.009214375168085098, -0.01168696116656065, 0.0066575245000422, 0.0016430781688541174, -0.007086726371198893, 0.002522558905184269, -0.006935903802514076, 0.004598368890583515, -0.0003416271065361798], [0.03390786424279213, 0.036276187747716904, 0.036278244107961655, 0.02306719496846199, 1.0, 0.005581448785960674, 0.010815073736011982, 0.007453629747033119, -0.0008300150511786342, 0.004479383584111929, 0.0025106833782047033, 0.009309601038694382, -0.010593772865831852, 0.009969900362193584, -0.005942822899669409, -0.011044234968721867], [0.011470641940832138, 0.003899673465639353, 0.025919636711478233, 0.016003550961613655, 0.005581448785960674, 1.0, 0.002315468154847622, 0.022763369604945183, 0.00014402689703274518, -0.010598073713481426, -0.0059301829896867275, -0.008966307155787945, 0.00973712932318449, 0.004861574620008469, 0.01890077069401741, 0.0039581190794706345], [-0.0002498237881809473, 0.01214801799505949, 0.009058350697159767, -0.007778642233461142, 0.010815073736011982, 0.002315468154847622, 1.0, 0.0037473724223673344, 0.009852563962340355, 0.010192672722041607, -0.005110112018883228, 0.004950860049575567, -0.0007428295211866498, 0.003498303471133113, 0.0068280440755188465, 0.0023708506487309933], [-0.0034700827673077583, 0.002281942404806614, 0.007495405618101358, 0.009214375168085098, 0.007453629747033119, 0.022763369604945183, 0.0037473724223673344, 1.0, -0.008618567138910294, 0.004179889801889658, -0.0009595148731023073, -0.01572996750473976, 0.015510102733969688, 0.005434824153780937, -0.008254509419202805, -0.005955657921731472], [-0.008141743950545788, -0.011669188737869263, 0.008548997342586517, -0.01168696116656065, -0.0008300150511786342, 0.00014402689703274518, 0.009852563962340355, -0.008618567138910294, 1.0, -0.000917383935302496, -0.00289862509816885, 0.019410496577620506, 0.0040360805578529835, 0.00464380020275712, -0.0031044527422636747, -0.000746409292332828], [0.0019864339847117662, 0.006747698877006769, -0.014537226408720016, 0.0066575245000422, 0.004479383584111929, -0.010598073713481426, 0.010192672722041607, 0.004179889801889658, -0.000917383935302496, 1.0, 0.019714336842298508, 0.0010417260928079486, -0.013228707946836948, -0.006674698553979397, -0.01087491400539875, -0.003975473809987307], [0.0016097694169729948, 0.0026762832421809435, 0.0025435981806367636, 0.0016430781688541174, 0.0025106833782047033, -0.0059301829896867275, -0.005110112018883228, -0.0009595148731023073, -0.00289862509816885, 0.019714336842298508, 1.0, 0.013683166354894638, -0.006069644819945097, 0.0031769019551575184, -0.010540531948208809, -0.003546321764588356], [0.008030288852751255, -0.01033866312354803, -0.0007203124114312232, -0.007086726371198893, 0.009309601038694382, -0.008966307155787945, 0.004950860049575567, -0.01572996750473976, 0.019410496577620506, 0.0010417260928079486, 0.013683166354894638, 1.0, -0.005252712406218052, -0.0034288696479052305, 0.0035966902505606413, 0.00212116539478302], [5.327925464371219e-05, -0.004077443853020668, -0.004524989519268274, 0.002522558905184269, -0.010593772865831852, 0.00973712932318449, -0.0007428295211866498, 0.015510102733969688, 0.0040360805578529835, -0.013228707946836948, -0.006069644819945097, -0.005252712406218052, 1.0, 0.012725358828902245, -0.009837035089731216, -0.01275896467268467], [6.047048373147845e-05, 0.0002838161017280072, 0.0015182722127065063, -0.006935903802514076, 0.009969900362193584, 0.004861574620008469, 0.003498303471133113, 0.005434824153780937, 0.00464380020275712, -0.006674698553979397, 0.0031769019551575184, -0.0034288696479052305, 0.012725358828902245, 1.0, 0.005211702547967434, 0.010132940486073494], [-0.006199432071298361, 0.002326179761439562, 0.010877545922994614, 0.004598368890583515, -0.005942822899669409, 0.01890077069401741, 0.0068280440755188465, -0.008254509419202805, -0.0031044527422636747, -0.01087491400539875, -0.010540531948208809, 0.0035966902505606413, -0.009837035089731216, 0.005211702547967434, 1.0, -0.0025923317298293114], [0.0033951441291719675, 0.0004307055496610701, 0.0011344243539497256, -0.0003416271065361798, -0.011044234968721867, 0.0039581190794706345, 0.0023708506487309933, -0.005955657921731472, -0.000746409292332828, -0.003975473809987307, -0.003546321764588356, 0.00212116539478302, -0.01275896467268467, 0.010132940486073494, -0.0025923317298293114, 1.0]], "procrustes": [[1.0, 0.8851743340492249, 0.8091325163841248, 0.7545763254165649, 0.707604706287384, 0.6749991774559021, 0.6458210945129395, 0.6337172985076904, 0.6160175204277039, 0.6013119220733643, 0.5886089205741882, 0.57472825050354, 0.5636693239212036, 0.5474417209625244, 0.5446984767913818, 0.5390276312828064], [0.8851743340492249, 1.0, 0.8916928768157959, 0.8200453519821167, 0.7652111053466797, 0.7267048358917236, 0.6923902630805969, 0.6770021915435791, 0.657950758934021, 0.6416239142417908, 0.6269004344940186, 0.6116236448287964, 0.5977738499641418, 0.5825604796409607, 0.5778816342353821, 0.5701039433479309], [0.8091325163841248, 0.8916928768157959, 1.0, 0.89698725938797, 0.8317641019821167, 0.7870680093765259, 0.7490426301956177, 0.729108989238739, 0.7066489458084106, 0.6879268884658813, 0.6718092560768127, 0.6546750068664551, 0.6401122808456421, 0.6243221759796143, 0.6169536113739014, 0.6075530648231506], [0.7545763254165649, 0.8200453519821167, 0.89698725938797, 1.0, 0.9127505421638489, 0.859337568283081, 0.8157759308815002, 0.7910888195037842, 0.7654845714569092, 0.7446735501289368, 0.7263461351394653, 0.7072831988334656, 0.691368579864502, 0.6742295026779175, 0.6651721000671387, 0.6546148657798767], [0.707604706287384, 0.7652111053466797, 0.8317641019821167, 0.9127505421638489, 1.0, 0.9356204867362976, 0.8868833780288696, 0.85690838098526, 0.8268448710441589, 0.8031078577041626, 0.7817724347114563, 0.7609966397285461, 0.7431602478027344, 0.7251063585281372, 0.7140901684761047, 0.702082097530365], [0.6749991774559021, 0.7267048358917236, 0.7870680093765259, 0.859337568283081, 0.9356204867362976, 1.0, 0.9486455917358398, 0.9145355224609375, 0.8819056153297424, 0.857332170009613, 0.8332776427268982, 0.810792863368988, 0.7936794757843018, 0.7745182514190674, 0.7608253955841064, 0.7486046552658081], [0.6458210945129395, 0.6923902630805969, 0.7490426301956177, 0.8157759308815002, 0.8868833780288696, 0.9486455917358398, 1.0, 0.964522123336792, 0.9321495890617371, 0.906922459602356, 0.8815550208091736, 0.8582950234413147, 0.8404790759086609, 0.820895791053772, 0.805359423160553, 0.7927316427230835], [0.6337172985076904, 0.6770021915435791, 0.729108989238739, 0.7910888195037842, 0.85690838098526, 0.9145355224609375, 0.964522123336792, 1.0, 0.969045877456665, 0.9449750185012817, 0.9219053983688354, 0.8989481925964355, 0.880508303642273, 0.8599119186401367, 0.8439918756484985, 0.8316386342048645], [0.6160175204277039, 0.657950758934021, 0.7066489458084106, 0.7654845714569092, 0.8268448710441589, 0.8819056153297424, 0.9321495890617371, 0.969045877456665, 1.0, 0.9768167734146118, 0.9533523321151733, 0.931958794593811, 0.9130493998527527, 0.8946446776390076, 0.8788533210754395, 0.8667000532150269], [0.6013119220733643, 0.6416239142417908, 0.6879268884658813, 0.7446735501289368, 0.8031078577041626, 0.857332170009613, 0.906922459602356, 0.9449750185012817, 0.9768167734146118, 1.0, 0.9769774675369263, 0.956419825553894, 0.9378456473350525, 0.9205204844474792, 0.9047728776931763, 0.8931690454483032], [0.5886089205741882, 0.6269004344940186, 0.6718092560768127, 0.7263461351394653, 0.7817724347114563, 0.8332776427268982, 0.8815550208091736, 0.9219053983688354, 0.9533523321151733, 0.9769774675369263, 1.0, 0.9796814322471619, 0.9628081917762756, 0.9447796940803528, 0.9306408166885376, 0.9182984828948975], [0.57472825050354, 0.6116236448287964, 0.6546750068664551, 0.7072831988334656, 0.7609966397285461, 0.810792863368988, 0.8582950234413147, 0.8989481925964355, 0.931958794593811, 0.956419825553894, 0.9796814322471619, 1.0, 0.9826754927635193, 0.9665501117706299, 0.9521690011024475, 0.9403418898582458], [0.5636693239212036, 0.5977738499641418, 0.6401122808456421, 0.691368579864502, 0.7431602478027344, 0.7936794757843018, 0.8404790759086609, 0.880508303642273, 0.9130493998527527, 0.9378456473350525, 0.9628081917762756, 0.9826754927635193, 1.0, 0.9836582541465759, 0.9697396159172058, 0.9591763019561768], [0.5474417209625244, 0.5825604796409607, 0.6243221759796143, 0.6742295026779175, 0.7251063585281372, 0.7745182514190674, 0.820895791053772, 0.8599119186401367, 0.8946446776390076, 0.9205204844474792, 0.9447796940803528, 0.9665501117706299, 0.9836582541465759, 1.0, 0.9847990274429321, 0.9729629755020142], [0.5446984767913818, 0.5778816342353821, 0.6169536113739014, 0.6651721000671387, 0.7140901684761047, 0.7608253955841064, 0.805359423160553, 0.8439918756484985, 0.8788533210754395, 0.9047728776931763, 0.9306408166885376, 0.9521690011024475, 0.9697396159172058, 0.9847990274429321, 1.0, 0.9858344197273254], [0.5390276312828064, 0.5701039433479309, 0.6075530648231506, 0.6546148657798767, 0.702082097530365, 0.7486046552658081, 0.7927316427230835, 0.8316386342048645, 0.8667000532150269, 0.8931690454483032, 0.9182984828948975, 0.9403418898582458, 0.9591763019561768, 0.9729629755020142, 0.9858344197273254, 1.0]], "pc1_variance": [0.2258136123418808, 0.20224881172180176, 0.17599791288375854, 0.1719779521226883, 0.14654141664505005, 0.13153353333473206, 0.1175777018070221, 0.1254298835992813, 0.1370384842157364, 0.13966025412082672, 0.14115336537361145, 0.13920418918132782, 0.12259414047002792, 0.12613371014595032, 0.13858410716056824, 0.1327376365661621], "probe_accuracy_per_layer": null}, "cka_trained_vs_init_per_layer": [0.805827796459198, 0.41153815388679504, 0.08343067765235901, 0.027322478592395782, 0.026679085567593575, 0.02110995538532734, 0.0174043420702219, 0.017066029831767082, 0.018367301672697067, 0.0188850536942482, 0.01783781126141548, 0.019205935299396515, 0.01744719222187996, 0.016641953960061073, 0.018751272931694984, 0.041850537061691284], "runtime_sec": 149.88029098510742}