{"config": {"input_dim": 3072, "num_classes": 10, "depth": 8, "width": 512, "init_scale": 4.0, "nonlinearity": "relu"}, "dataset": "cifar10", "seed": 0, "epochs": 15, "shuffle_labels": false, "test_accuracy": 0.3978, "history": {"train_loss": [16.867204938616073, 2.1469107270240784, 1.789189901887154, 1.6295735909014333, 1.518911169499767, 1.3983246793552322, 1.291771329179102, 1.1805518147896747, 1.078277553830828, 0.9805199211957504, 0.882665753364563, 0.8033055535384587, 0.7426155045324442, 0.7003781004827849, 0.6770542872195341], "val_acc": [0.258, 0.3142, 0.3266, 0.3566, 0.3712, 0.3814, 0.391, 0.407, 0.4002, 0.3994, 0.3908, 0.3998, 0.3966, 0.3998, 0.3978], "param_delta_ratio": 0.09391902388054438, "n_params": 3417098}, "trained": {"cka": [[1.0, 0.9681493043899536, 0.8769281506538391, 0.7740482687950134, 0.5967351794242859, 0.4639846980571747, 0.39196905493736267, 0.33568429946899414], [0.9681493043899536, 1.0, 0.9481990337371826, 0.861761748790741, 0.7138707637786865, 0.5848042368888855, 0.5185088515281677, 0.46357741951942444], [0.8769281506538391, 0.9481990337371826, 1.0, 0.9446733593940735, 0.8373642563819885, 0.729324221611023, 0.6691922545433044, 0.6182262301445007], [0.7740482687950134, 0.861761748790741, 0.9446733593940735, 1.0, 0.9358934164047241, 0.849473774433136, 0.7985144257545471, 0.752316951751709], [0.5967351794242859, 0.7138707637786865, 0.8373642563819885, 0.9358934164047241, 1.0, 0.9504963755607605, 0.9172417521476746, 0.8864912986755371], [0.4639846980571747, 0.5848042368888855, 0.729324221611023, 0.849473774433136, 0.9504963755607605, 1.0, 0.9736858606338501, 0.9560076594352722], [0.39196905493736267, 0.5185088515281677, 0.6691922545433044, 0.7985144257545471, 0.9172417521476746, 0.9736858606338501, 1.0, 0.9841841459274292], [0.33568429946899414, 0.46357741951942444, 0.6182262301445007, 0.752316951751709, 0.8864912986755371, 0.9560076594352722, 0.9841841459274292, 1.0]], "cosine": [[1.0, 0.08113177120685577, 0.05797558277845383, 0.05809019133448601, 0.06378070265054703, 0.0469244122505188, 0.07706188410520554, 0.07406292110681534], [0.08113177120685577, 1.0, 0.024389879778027534, 0.04042471945285797, 0.04992964491248131, 0.03128045052289963, 0.05060812085866928, 0.05311425030231476], [0.05797558277845383, 0.024389879778027534, 1.0, 0.024207262322306633, 0.045742154121398926, 0.0214607585221529, 0.027934130281209946, 0.03830641880631447], [0.05809019133448601, 0.04042471945285797, 0.024207262322306633, 1.0, 0.03776979818940163, 0.061577364802360535, 0.04501505568623543, 0.05736509710550308], [0.06378070265054703, 0.04992964491248131, 0.045742154121398926, 0.03776979818940163, 1.0, 0.03491285443305969, 0.06421353667974472, 0.05237199738621712], [0.0469244122505188, 0.03128045052289963, 0.0214607585221529, 0.061577364802360535, 0.03491285443305969, 1.0, 0.022107260301709175, 0.046284545212984085], [0.07706188410520554, 0.05060812085866928, 0.027934130281209946, 0.04501505568623543, 0.06421353667974472, 0.022107260301709175, 1.0, 0.07154873013496399], [0.07406292110681534, 0.05311425030231476, 0.03830641880631447, 0.05736509710550308, 0.05237199738621712, 0.046284545212984085, 0.07154873013496399, 1.0]], "procrustes": [[1.0, 0.9212346076965332, 0.8337985277175903, 0.7612305283546448, 0.6955989003181458, 0.637787401676178, 0.6027655601501465, 0.5778447389602661], [0.9212346076965332, 1.0, 0.8979689478874207, 0.8196724653244019, 0.751984715461731, 0.690384566783905, 0.6557702422142029, 0.629731297492981], [0.8337985277175903, 0.8979689478874207, 1.0, 0.8866133689880371, 0.8082863092422485, 0.7407524585723877, 0.7030994296073914, 0.6741657257080078], [0.7612305283546448, 0.8196724653244019, 0.8866133689880371, 1.0, 0.8818147778511047, 0.799892008304596, 0.7545703649520874, 0.7214916944503784], [0.6955989003181458, 0.751984715461731, 0.8082863092422485, 0.8818147778511047, 1.0, 0.8826442956924438, 0.8276869654655457, 0.79212886095047], [0.637787401676178, 0.690384566783905, 0.7407524585723877, 0.799892008304596, 0.8826442956924438, 1.0, 0.9116070866584778, 0.8713095784187317], [0.6027655601501465, 0.6557702422142029, 0.7030994296073914, 0.7545703649520874, 0.8276869654655457, 0.9116070866584778, 1.0, 0.9382076263427734], [0.5778447389602661, 0.629731297492981, 0.6741657257080078, 0.7214916944503784, 0.79212886095047, 0.8713095784187317, 0.9382076263427734, 1.0]], "pc1_variance": [0.5094670057296753, 0.3717556893825531, 0.28549328446388245, 0.26497870683670044, 0.30530911684036255, 0.3844485878944397, 0.42519453167915344, 0.5383200645446777], "probe_accuracy_per_layer": [0.35600000619888306, 0.31050002574920654, 0.30000001192092896, 0.3100000023841858, 0.30300000309944153, 0.29100000858306885, 0.31050002574920654, 0.3020000159740448]}, "init": {"cka": [[1.0, 0.9505717754364014, 0.8540745973587036, 0.7520043253898621, 0.6698235869407654, 0.6008476614952087, 0.5557929277420044, 0.4720190465450287], [0.9505717754364014, 1.0, 0.9482583403587341, 0.8694296479225159, 0.7979637384414673, 0.7403821349143982, 0.7031717300415039, 0.624511182308197], [0.8540745973587036, 0.9482583403587341, 1.0, 0.953292965888977, 0.8990862965583801, 0.8551796078681946, 0.8245707750320435, 0.7570429444313049], [0.7520043253898621, 0.8694296479225159, 0.953292965888977, 1.0, 0.9657727479934692, 0.9288231134414673, 0.8972660303115845, 0.844717264175415], [0.6698235869407654, 0.7979637384414673, 0.8990862965583801, 0.9657727479934692, 1.0, 0.9683138728141785, 0.9388312697410583, 0.8962337374687195], [0.6008476614952087, 0.7403821349143982, 0.8551796078681946, 0.9288231134414673, 0.9683138728141785, 1.0, 0.9732459783554077, 0.9393725991249084], [0.5557929277420044, 0.7031717300415039, 0.8245707750320435, 0.8972660303115845, 0.9388312697410583, 0.9732459783554077, 1.0, 0.9717928767204285], [0.4720190465450287, 0.624511182308197, 0.7570429444313049, 0.844717264175415, 0.8962337374687195, 0.9393725991249084, 0.9717928767204285, 1.0]], "cosine": [[1.0, 0.05359026417136192, 0.05720920115709305, 0.03740278258919716, 0.05368620529770851, 0.04525291547179222, 0.047980062663555145, 0.06059481203556061], [0.05359026417136192, 1.0, 0.048547763377428055, 0.055491406470537186, 0.055921655148267746, 0.05376959219574928, 0.06167665868997574, 0.06228450685739517], [0.05720920115709305, 0.048547763377428055, 1.0, 0.06285766512155533, 0.06270764023065567, 0.0642104372382164, 0.07104848325252533, 0.07928550988435745], [0.03740278258919716, 0.055491406470537186, 0.06285766512155533, 1.0, 0.07495594024658203, 0.07329007238149643, 0.08442793786525726, 0.0776362493634224], [0.05368620529770851, 0.055921655148267746, 0.06270764023065567, 0.07495594024658203, 1.0, 0.07058326154947281, 0.09068629890680313, 0.080878846347332], [0.04525291547179222, 0.05376959219574928, 0.0642104372382164, 0.07329007238149643, 0.07058326154947281, 1.0, 0.08565530925989151, 0.08730391412973404], [0.047980062663555145, 0.06167665868997574, 0.07104848325252533, 0.08442793786525726, 0.09068629890680313, 0.08565530925989151, 1.0, 0.06460171192884445], [0.06059481203556061, 0.06228450685739517, 0.07928550988435745, 0.0776362493634224, 0.080878846347332, 0.08730391412973404, 0.06460171192884445, 1.0]], "procrustes": [[1.0, 0.8858721852302551, 0.8092043399810791, 0.7491025924682617, 0.7007339596748352, 0.6615722179412842, 0.6328897476196289, 0.5991406440734863], [0.8858721852302551, 1.0, 0.8944302201271057, 0.8205029368400574, 0.7653366923332214, 0.7220619320869446, 0.6913093328475952, 0.6573711037635803], [0.8092043399810791, 0.8944302201271057, 1.0, 0.8983292579650879, 0.8322283029556274, 0.781895637512207, 0.7467784881591797, 0.7103928327560425], [0.7491025924682617, 0.8205029368400574, 0.8983292579650879, 1.0, 0.9080158472061157, 0.8445233106613159, 0.8003415465354919, 0.7582345008850098], [0.7007339596748352, 0.7653366923332214, 0.8322283029556274, 0.9080158472061157, 1.0, 0.9127026200294495, 0.8568066954612732, 0.8073595762252808], [0.6615722179412842, 0.7220619320869446, 0.781895637512207, 0.8445233106613159, 0.9127026200294495, 1.0, 0.922342836856842, 0.8632156252861023], [0.6328897476196289, 0.6913093328475952, 0.7467784881591797, 0.8003415465354919, 0.8568066954612732, 0.922342836856842, 1.0, 0.9248191118240356], [0.5991406440734863, 0.6573711037635803, 0.7103928327560425, 0.7582345008850098, 0.8073595762252808, 0.8632156252861023, 0.9248191118240356, 1.0]], "pc1_variance": [0.21761839091777802, 0.20620420575141907, 0.20739345252513885, 0.21249885857105255, 0.21861711144447327, 0.22770631313323975, 0.2572379410266876, 0.2997254431247711], "probe_accuracy_per_layer": null}, "cka_trained_vs_init_per_layer": [0.8772236108779907, 0.818021833896637, 0.698620080947876, 0.5789919495582581, 0.5248144865036011, 0.4947245717048645, 0.4969649016857147, 0.4920673072338104], "runtime_sec": 15.403819561004639}