{"config": {"input_dim": 3072, "num_classes": 10, "depth": 16, "width": 128, "init_scale": 1.0, "nonlinearity": "relu"}, "dataset": "cifar10", "seed": 1, "epochs": 15, "shuffle_labels": false, "test_accuracy": 0.4548, "history": {"train_loss": [2.131968254945716, 1.9696409495509402, 1.9028904717795703, 1.8310898201806205, 1.7627301739186656, 1.6161739996501379, 1.525410113285999, 1.4499005334717887, 1.3826295988900321, 1.3312865167248005, 1.2737022808619909, 1.2286095789500646, 1.1907302481787545, 1.1661328709855372, 1.15063212477431], "val_acc": [0.1894, 0.2154, 0.2718, 0.3014, 0.3522, 0.3786, 0.407, 0.4228, 0.4398, 0.438, 0.4462, 0.4478, 0.451, 0.4562, 0.4548], "param_delta_ratio": 0.9012655835234534, "n_params": 642314}, "trained": {"cka": [[1.0, 0.7330202460289001, 0.3725327253341675, 0.18968082964420319, 0.1378980576992035, 0.13272997736930847, 0.13500066101551056, 0.13430050015449524, 0.13419178128242493, 0.13225270807743073, 0.12762762606143951, 0.12785592675209045, 0.14687860012054443, 0.17582927644252777, 0.19755017757415771, 0.22155548632144928], [0.7330202460289001, 1.0, 0.7372757196426392, 0.4998568892478943, 0.40782150626182556, 0.40045005083084106, 0.4025069773197174, 0.3999488055706024, 0.3992084860801697, 0.39340779185295105, 0.3794349133968353, 0.36979490518569946, 0.3942809998989105, 0.4412021338939667, 0.4638527035713196, 0.5095858573913574], [0.3725327253341675, 0.7372757196426392, 1.0, 0.9183693528175354, 0.8393797278404236, 0.8266738057136536, 0.81965172290802, 0.8131707906723022, 0.8074839115142822, 0.8055884838104248, 0.7925376892089844, 0.772585391998291, 0.7727437019348145, 0.7977119088172913, 0.7799214124679565, 0.824048638343811], [0.18968082964420319, 0.4998568892478943, 0.9183693528175354, 1.0, 0.9804158210754395, 0.9703889489173889, 0.9601260423660278, 0.9536269307136536, 0.9460727572441101, 0.9506660103797913, 0.9469651579856873, 0.9294207692146301, 0.9114160537719727, 0.9049721956253052, 0.8546239137649536, 0.8781939148902893], [0.1378980576992035, 0.40782150626182556, 0.8393797278404236, 0.9804158210754395, 1.0, 0.995424747467041, 0.9874367117881775, 0.9832190275192261, 0.9765303730964661, 0.983991265296936, 0.9855287075042725, 0.9716367125511169, 0.9462630748748779, 0.9217901229858398, 0.8572564721107483, 0.8675230741500854], [0.13272997736930847, 0.40045005083084106, 0.8266738057136536, 0.9703889489173889, 0.995424747467041, 1.0, 0.9976621866226196, 0.9954817295074463, 0.9918712377548218, 0.9947225451469421, 0.989434540271759, 0.9705196619033813, 0.9472495317459106, 0.9251611232757568, 0.8558762669563293, 0.8703340888023376], [0.13500066101551056, 0.4025069773197174, 0.81965172290802, 0.9601260423660278, 0.9874367117881775, 0.9976621866226196, 1.0, 0.9994463920593262, 0.9979259371757507, 0.9978963732719421, 0.9887428879737854, 0.9681528806686401, 0.9481081962585449, 0.9282867908477783, 0.8586253523826599, 0.8747302889823914], [0.13430050015449524, 0.3999488055706024, 0.8131707906723022, 0.9536269307136536, 0.9832190275192261, 0.9954817295074463, 0.9994463920593262, 1.0, 0.9993866682052612, 0.9989039301872253, 0.9893225431442261, 0.9690545201301575, 0.9498146772384644, 0.929786205291748, 0.8604406714439392, 0.8756021857261658], [0.13419178128242493, 0.3992084860801697, 0.8074839115142822, 0.9460727572441101, 0.9765303730964661, 0.9918712377548218, 0.9979259371757507, 0.9993866682052612, 1.0, 0.9980334639549255, 0.9863964915275574, 0.9650299549102783, 0.9474962949752808, 0.9290146231651306, 0.8594557642936707, 0.8755378723144531], [0.13225270807743073, 0.39340779185295105, 0.8055884838104248, 0.9506660103797913, 0.983991265296936, 0.9947225451469421, 0.9978963732719421, 0.9989039301872253, 0.9980334639549255, 1.0, 0.994620680809021, 0.9786829352378845, 0.9606678485870361, 0.938373863697052, 0.871504008769989, 0.880698561668396], [0.12762762606143951, 0.3794349133968353, 0.7925376892089844, 0.9469651579856873, 0.9855287075042725, 0.989434540271759, 0.9887428879737854, 0.9893225431442261, 0.9863964915275574, 0.994620680809021, 1.0, 0.9941619038581848, 0.9769818186759949, 0.9481613636016846, 0.8871274590492249, 0.883722722530365], [0.12785592675209045, 0.36979490518569946, 0.772585391998291, 0.9294207692146301, 0.9716367125511169, 0.9705196619033813, 0.9681528806686401, 0.9690545201301575, 0.9650299549102783, 0.9786829352378845, 0.9941619038581848, 1.0, 0.9891931414604187, 0.9579386711120605, 0.9072698950767517, 0.8904468417167664], [0.14687860012054443, 0.3942809998989105, 0.7727437019348145, 0.9114160537719727, 0.9462630748748779, 0.9472495317459106, 0.9481081962585449, 0.9498146772384644, 0.9474962949752808, 0.9606678485870361, 0.9769818186759949, 0.9891931414604187, 1.0, 0.9863626956939697, 0.9520614147186279, 0.9304926991462708], [0.17582927644252777, 0.4412021338939667, 0.7977119088172913, 0.9049721956253052, 0.9217901229858398, 0.9251611232757568, 0.9282867908477783, 0.929786205291748, 0.9290146231651306, 0.938373863697052, 0.9481613636016846, 0.9579386711120605, 0.9863626956939697, 1.0, 0.9835694432258606, 0.9712820053100586], [0.19755017757415771, 0.4638527035713196, 0.7799214124679565, 0.8546239137649536, 0.8572564721107483, 0.8558762669563293, 0.8586253523826599, 0.8604406714439392, 0.8594557642936707, 0.871504008769989, 0.8871274590492249, 0.9072698950767517, 0.9520614147186279, 0.9835694432258606, 1.0, 0.9859300255775452], [0.22155548632144928, 0.5095858573913574, 0.824048638343811, 0.8781939148902893, 0.8675230741500854, 0.8703340888023376, 0.8747302889823914, 0.8756021857261658, 0.8755378723144531, 0.880698561668396, 0.883722722530365, 0.8904468417167664, 0.9304926991462708, 0.9712820053100586, 0.9859300255775452, 1.0]], "cosine": [[1.0, 0.02471422776579857, 0.027705464512109756, 0.04965423792600632, 0.049665093421936035, 0.06718526780605316, 0.056679099798202515, 0.03365817666053772, 0.04359709843993187, 0.0370444729924202, 0.010354267433285713, 0.02262824960052967, 0.004034444224089384, 0.0033356021158397198, -0.011432125233113766, 0.028711315244436264], [0.02471422776579857, 1.0, 0.06225667521357536, 0.08714088797569275, 0.0962260439991951, 0.08280570805072784, 0.09189878404140472, 0.053514305502176285, 0.045405905693769455, 0.10178954154253006, 0.08637338876724243, 0.03365245461463928, 0.068902388215065, 0.04330874979496002, 0.012814474292099476, 0.10009784996509552], [0.027705464512109756, 0.06225667521357536, 1.0, 0.20071810483932495, 0.1952683925628662, 0.2621263563632965, 0.22402407228946686, 0.11710948497056961, 0.07824938744306564, 0.14534173905849457, 0.1287127435207367, 0.11833277344703674, 0.08330033719539642, 0.04711555317044258, 0.08866406232118607, 0.06786961853504181], [0.04965423792600632, 0.08714088797569275, 0.20071810483932495, 1.0, 0.30415818095207214, 0.29288020730018616, 0.26001235842704773, 0.18926897644996643, 0.24820341169834137, 0.2521449327468872, 0.21568001806735992, 0.17387914657592773, 0.21167775988578796, 0.12051162868738174, 0.06872570514678955, 0.024952828884124756], [0.049665093421936035, 0.0962260439991951, 0.1952683925628662, 0.30415818095207214, 1.0, 0.38247767090797424, 0.39360061287879944, 0.33884087204933167, 0.2593401372432709, 0.3166254162788391, 0.2693884074687958, 0.2897169291973114, 0.16219177842140198, 0.15307782590389252, 0.13760337233543396, 0.06911509484052658], [0.06718526780605316, 0.08280570805072784, 0.2621263563632965, 0.29288020730018616, 0.38247767090797424, 1.0, 0.42634907364845276, 0.39795973896980286, 0.2501409947872162, 0.24707885086536407, 0.27088090777397156, 0.27834898233413696, 0.23648568987846375, 0.17482399940490723, 0.07173651456832886, 0.1183437705039978], [0.056679099798202515, 0.09189878404140472, 0.22402407228946686, 0.26001235842704773, 0.39360061287879944, 0.42634907364845276, 1.0, 0.2758941352367401, 0.15181972086429596, 0.26789623498916626, 0.26034072041511536, 0.1871049702167511, 0.16110937297344208, 0.17214429378509521, 0.07442116737365723, 0.0998869240283966], [0.03365817666053772, 0.053514305502176285, 0.11710948497056961, 0.18926897644996643, 0.33884087204933167, 0.39795973896980286, 0.2758941352367401, 1.0, 0.18472382426261902, 0.1728944033384323, 0.23687034845352173, 0.22937919199466705, 0.21331746876239777, 0.10223939269781113, 0.13990047574043274, 0.10600109398365021], [0.04359709843993187, 0.045405905693769455, 0.07824938744306564, 0.24820341169834137, 0.2593401372432709, 0.2501409947872162, 0.15181972086429596, 0.18472382426261902, 1.0, 0.1525305211544037, 0.23568657040596008, 0.10938253998756409, 0.20087993144989014, 0.15952672064304352, 0.11334345489740372, 0.06685269623994827], [0.0370444729924202, 0.10178954154253006, 0.14534173905849457, 0.2521449327468872, 0.3166254162788391, 0.24707885086536407, 0.26789623498916626, 0.1728944033384323, 0.1525305211544037, 1.0, 0.19901713728904724, 0.1582327038049698, 0.12508471310138702, 0.1784902662038803, 0.14582227170467377, 0.166192889213562], [0.010354267433285713, 0.08637338876724243, 0.1287127435207367, 0.21568001806735992, 0.2693884074687958, 0.27088090777397156, 0.26034072041511536, 0.23687034845352173, 0.23568657040596008, 0.19901713728904724, 1.0, 0.22584567964076996, 0.15154537558555603, 0.15157105028629303, 0.1474066823720932, 0.1439467966556549], [0.02262824960052967, 0.03365245461463928, 0.11833277344703674, 0.17387914657592773, 0.2897169291973114, 0.27834898233413696, 0.1871049702167511, 0.22937919199466705, 0.10938253998756409, 0.1582327038049698, 0.22584567964076996, 1.0, 0.08765128999948502, 0.10720248520374298, 0.11828400939702988, 0.12457562237977982], [0.004034444224089384, 0.068902388215065, 0.08330033719539642, 0.21167775988578796, 0.16219177842140198, 0.23648568987846375, 0.16110937297344208, 0.21331746876239777, 0.20087993144989014, 0.12508471310138702, 0.15154537558555603, 0.08765128999948502, 1.0, 0.09298273921012878, 0.06196088716387749, 0.04432635381817818], [0.0033356021158397198, 0.04330874979496002, 0.04711555317044258, 0.12051162868738174, 0.15307782590389252, 0.17482399940490723, 0.17214429378509521, 0.10223939269781113, 0.15952672064304352, 0.1784902662038803, 0.15157105028629303, 0.10720248520374298, 0.09298273921012878, 1.0, 0.08589308708906174, 0.0499085932970047], [-0.011432125233113766, 0.012814474292099476, 0.08866406232118607, 0.06872570514678955, 0.13760337233543396, 0.07173651456832886, 0.07442116737365723, 0.13990047574043274, 0.11334345489740372, 0.14582227170467377, 0.1474066823720932, 0.11828400939702988, 0.06196088716387749, 0.08589308708906174, 1.0, 0.11379582434892654], [0.028711315244436264, 0.10009784996509552, 0.06786961853504181, 0.024952828884124756, 0.06911509484052658, 0.1183437705039978, 0.0998869240283966, 0.10600109398365021, 0.06685269623994827, 0.166192889213562, 0.1439467966556549, 0.12457562237977982, 0.04432635381817818, 0.0499085932970047, 0.11379582434892654, 1.0]], "procrustes": [[1.0, 0.7763159275054932, 0.5869321823120117, 0.37677526473999023, 0.25702938437461853, 0.22045554220676422, 0.2165582925081253, 0.21547725796699524, 0.21516551077365875, 0.2188294231891632, 0.21925562620162964, 0.22687947750091553, 0.24549567699432373, 0.2685917317867279, 0.2858792841434479, 0.3066873252391815], [0.7763159275054932, 1.0, 0.8004339337348938, 0.5739667415618896, 0.4306175112724304, 0.38619285821914673, 0.37980934977531433, 0.37774336338043213, 0.3774561285972595, 0.3816586136817932, 0.37994012236595154, 0.384849488735199, 0.40275558829307556, 0.4295153319835663, 0.4463322162628174, 0.4734449088573456], [0.5869321823120117, 0.8004339337348938, 1.0, 0.8742979764938354, 0.7569541335105896, 0.7138447761535645, 0.7035598754882812, 0.6994210481643677, 0.6967937350273132, 0.7001122832298279, 0.6963669657707214, 0.692977249622345, 0.6925569772720337, 0.7039235234260559, 0.7026706337928772, 0.7267981171607971], [0.37677526473999023, 0.5739667415618896, 0.8742979764938354, 1.0, 0.9626569151878357, 0.9373413920402527, 0.9264401793479919, 0.9220287203788757, 0.9183277487754822, 0.9210009574890137, 0.9187813401222229, 0.909155547618866, 0.8885052800178528, 0.873385488986969, 0.8431530594825745, 0.8463851809501648], [0.25702938437461853, 0.4306175112724304, 0.7569541335105896, 0.9626569151878357, 1.0, 0.9935685992240906, 0.9868171215057373, 0.9835091233253479, 0.9802144765853882, 0.9809093475341797, 0.9792192578315735, 0.9661515355110168, 0.9323319792747498, 0.8974401354789734, 0.8502587080001831, 0.8373961448669434], [0.22045554220676422, 0.38619285821914673, 0.7138447761535645, 0.9373413920402527, 0.9935685992240906, 1.0, 0.9976334571838379, 0.995525062084198, 0.9936138391494751, 0.9908719062805176, 0.9849603772163391, 0.9671583771705627, 0.929894745349884, 0.8899093866348267, 0.835748553276062, 0.8203896880149841], [0.2165582925081253, 0.37980934977531433, 0.7035598754882812, 0.9264401793479919, 0.9868171215057373, 0.9976334571838379, 1.0, 0.9991188645362854, 0.9978727102279663, 0.9942012429237366, 0.9863576292991638, 0.9684903621673584, 0.9334237575531006, 0.8938877582550049, 0.8394328355789185, 0.8234383463859558], [0.21547725796699524, 0.37774336338043213, 0.6994210481643677, 0.9220287203788757, 0.9835091233253479, 0.995525062084198, 0.9991188645362854, 1.0, 0.9993262887001038, 0.9966123700141907, 0.9883250594139099, 0.9712423086166382, 0.936863124370575, 0.8985210657119751, 0.8436928391456604, 0.8266939520835876], [0.21516551077365875, 0.3774561285972595, 0.6967937350273132, 0.9183277487754822, 0.9802144765853882, 0.9936138391494751, 0.9978727102279663, 0.9993262887001038, 1.0, 0.9974448680877686, 0.9891787767410278, 0.972498893737793, 0.9405295848846436, 0.9041039943695068, 0.8498889207839966, 0.832740843296051], [0.2188294231891632, 0.3816586136817932, 0.7001122832298279, 0.9210009574890137, 0.9809093475341797, 0.9908719062805176, 0.9942012429237366, 0.9966123700141907, 0.9974448680877686, 1.0, 0.9960392713546753, 0.9843656420707703, 0.9570440053939819, 0.9238256812095642, 0.8726685643196106, 0.8517504334449768], [0.21925562620162964, 0.37994012236595154, 0.6963669657707214, 0.9187813401222229, 0.9792192578315735, 0.9849603772163391, 0.9863576292991638, 0.9883250594139099, 0.9891787767410278, 0.9960392713546753, 1.0, 0.9954368472099304, 0.9742043018341064, 0.9417675733566284, 0.8951371312141418, 0.8682475090026855], [0.22687947750091553, 0.384849488735199, 0.692977249622345, 0.909155547618866, 0.9661515355110168, 0.9671583771705627, 0.9684903621673584, 0.9712423086166382, 0.972498893737793, 0.9843656420707703, 0.9954368472099304, 1.0, 0.9884477853775024, 0.9611429572105408, 0.9214427471160889, 0.8894361257553101], [0.24549567699432373, 0.40275558829307556, 0.6925569772720337, 0.8885052800178528, 0.9323319792747498, 0.929894745349884, 0.9334237575531006, 0.936863124370575, 0.9405295848846436, 0.9570440053939819, 0.9742043018341064, 0.9884477853775024, 1.0, 0.9886223673820496, 0.9611567854881287, 0.9291775822639465], [0.2685917317867279, 0.4295153319835663, 0.7039235234260559, 0.873385488986969, 0.8974401354789734, 0.8899093866348267, 0.8938877582550049, 0.8985210657119751, 0.9041039943695068, 0.9238256812095642, 0.9417675733566284, 0.9611429572105408, 0.9886223673820496, 1.0, 0.9885445833206177, 0.9662362933158875], [0.2858792841434479, 0.4463322162628174, 0.7026706337928772, 0.8431530594825745, 0.8502587080001831, 0.835748553276062, 0.8394328355789185, 0.8436928391456604, 0.8498889207839966, 0.8726685643196106, 0.8951371312141418, 0.9214427471160889, 0.9611567854881287, 0.9885445833206177, 1.0, 0.9876199960708618], [0.3066873252391815, 0.4734449088573456, 0.7267981171607971, 0.8463851809501648, 0.8373961448669434, 0.8203896880149841, 0.8234383463859558, 0.8266939520835876, 0.832740843296051, 0.8517504334449768, 0.8682475090026855, 0.8894361257553101, 0.9291775822639465, 0.9662362933158875, 0.9876199960708618, 1.0]], "pc1_variance": [0.1391625851392746, 0.22166143357753754, 0.4943886399269104, 0.808319628238678, 0.9152006506919861, 0.9370301961898804, 0.9191219806671143, 0.9168773889541626, 0.9199340343475342, 0.9045313596725464, 0.8903956413269043, 0.8517969846725464, 0.756942093372345, 0.6677147150039673, 0.5896390676498413, 0.571596622467041], "probe_accuracy_per_layer": [0.4385000169277191, 0.4385000169277191, 0.4555000364780426, 0.460500031709671, 0.44950002431869507, 0.47200003266334534, 0.4505000114440918, 0.46800002455711365, 0.4620000123977661, 0.44950002431869507, 0.44300001859664917, 0.4505000114440918, 0.47600001096725464, 0.4765000343322754, 0.43400001525878906, 0.47050002217292786]}, "init": {"cka": [[1.0, 0.8655813336372375, 0.7470695376396179, 0.6895809173583984, 0.6095309853553772, 0.5839793682098389, 0.578768253326416, 0.5714640021324158, 0.5038641691207886, 0.45412060618400574, 0.48900601267814636, 0.46500930190086365, 0.4800800681114197, 0.48597267270088196, 0.4487290680408478, 0.4090622365474701], [0.8655813336372375, 1.0, 0.8856738209724426, 0.7898461818695068, 0.7282832860946655, 0.668537437915802, 0.6457841992378235, 0.617069661617279, 0.566709041595459, 0.5167209506034851, 0.529350996017456, 0.4823659658432007, 0.4858364462852478, 0.4920703172683716, 0.4596487879753113, 0.4441082775592804], [0.7470695376396179, 0.8856738209724426, 1.0, 0.8899608850479126, 0.8068950772285461, 0.729724109172821, 0.7082638144493103, 0.6718317270278931, 0.633758008480072, 0.5730544924736023, 0.5907741189002991, 0.5360918641090393, 0.5257760286331177, 0.5378928184509277, 0.506605327129364, 0.4827810823917389], [0.6895809173583984, 0.7898461818695068, 0.8899608850479126, 1.0, 0.9121121168136597, 0.8234906196594238, 0.8032994866371155, 0.7693679332733154, 0.7142035365104675, 0.6272457838058472, 0.6426015496253967, 0.591675341129303, 0.5889008641242981, 0.6051231026649475, 0.582166850566864, 0.5416274070739746], [0.6095309853553772, 0.7282832860946655, 0.8068950772285461, 0.9121121168136597, 1.0, 0.8894164562225342, 0.8483921885490417, 0.7916316986083984, 0.7206719517707825, 0.6382124423980713, 0.627432107925415, 0.5590224266052246, 0.54326331615448, 0.5481933951377869, 0.5329079031944275, 0.5111552476882935], [0.5839793682098389, 0.668537437915802, 0.729724109172821, 0.8234906196594238, 0.8894164562225342, 1.0, 0.9322997331619263, 0.8783515095710754, 0.814322829246521, 0.7334663271903992, 0.7118575572967529, 0.6337785124778748, 0.615473210811615, 0.6093170642852783, 0.5820590853691101, 0.5930823087692261], [0.578768253326416, 0.6457841992378235, 0.7082638144493103, 0.8032994866371155, 0.8483921885490417, 0.9322997331619263, 1.0, 0.9510728716850281, 0.8942877650260925, 0.8164200186729431, 0.8083296418190002, 0.7304427623748779, 0.705708920955658, 0.6918202638626099, 0.6686334609985352, 0.6481280326843262], [0.5714640021324158, 0.617069661617279, 0.6718317270278931, 0.7693679332733154, 0.7916316986083984, 0.8783515095710754, 0.9510728716850281, 1.0, 0.9404220581054688, 0.8509455919265747, 0.8591666221618652, 0.7736163139343262, 0.744278609752655, 0.7165957093238831, 0.6916900277137756, 0.6715767979621887], [0.5038641691207886, 0.566709041595459, 0.633758008480072, 0.7142035365104675, 0.7206719517707825, 0.814322829246521, 0.8942877650260925, 0.9404220581054688, 1.0, 0.9256306886672974, 0.911587655544281, 0.8140748739242554, 0.7676764726638794, 0.7308728098869324, 0.7126777172088623, 0.6997199654579163], [0.45412060618400574, 0.5167209506034851, 0.5730544924736023, 0.6272457838058472, 0.6382124423980713, 0.7334663271903992, 0.8164200186729431, 0.8509455919265747, 0.9256306886672974, 1.0, 0.9477798342704773, 0.8858463764190674, 0.8391991853713989, 0.7795395255088806, 0.7483482360839844, 0.7662623524665833], [0.48900601267814636, 0.529350996017456, 0.5907741189002991, 0.6426015496253967, 0.627432107925415, 0.7118575572967529, 0.8083296418190002, 0.8591666221618652, 0.911587655544281, 0.9477798342704773, 1.0, 0.9520826935768127, 0.9082304835319519, 0.8549612164497375, 0.8358847498893738, 0.8257154822349548], [0.46500930190086365, 0.4823659658432007, 0.5360918641090393, 0.591675341129303, 0.5590224266052246, 0.6337785124778748, 0.7304427623748779, 0.7736163139343262, 0.8140748739242554, 0.8858463764190674, 0.9520826935768127, 1.0, 0.9676834940910339, 0.9099437594413757, 0.8971662521362305, 0.8768370151519775], [0.4800800681114197, 0.4858364462852478, 0.5257760286331177, 0.5889008641242981, 0.54326331615448, 0.615473210811615, 0.705708920955658, 0.744278609752655, 0.7676764726638794, 0.8391991853713989, 0.9082304835319519, 0.9676834940910339, 1.0, 0.9637783169746399, 0.9400409460067749, 0.904752790927887], [0.48597267270088196, 0.4920703172683716, 0.5378928184509277, 0.6051231026649475, 0.5481933951377869, 0.6093170642852783, 0.6918202638626099, 0.7165957093238831, 0.7308728098869324, 0.7795395255088806, 0.8549612164497375, 0.9099437594413757, 0.9637783169746399, 1.0, 0.9705328941345215, 0.926838755607605], [0.4487290680408478, 0.4596487879753113, 0.506605327129364, 0.582166850566864, 0.5329079031944275, 0.5820590853691101, 0.6686334609985352, 0.6916900277137756, 0.7126777172088623, 0.7483482360839844, 0.8358847498893738, 0.8971662521362305, 0.9400409460067749, 0.9705328941345215, 1.0, 0.9323834180831909], [0.4090622365474701, 0.4441082775592804, 0.4827810823917389, 0.5416274070739746, 0.5111552476882935, 0.5930823087692261, 0.6481280326843262, 0.6715767979621887, 0.6997199654579163, 0.7662623524665833, 0.8257154822349548, 0.8768370151519775, 0.904752790927887, 0.926838755607605, 0.9323834180831909, 1.0]], "cosine": [[1.0, 0.05470341071486473, 0.06402026116847992, -0.005535310134291649, 0.015504302456974983, -0.01115101482719183, -0.013123099692165852, -0.034169018268585205, 0.0022681145928800106, 0.016975848004221916, 0.01828950084745884, -0.01142573356628418, -0.00024540501181036234, 0.01814509555697441, -0.0043486845679581165, 0.02494010701775551], [0.05470341071486473, 1.0, 0.05260593816637993, 0.031160717830061913, -0.012168732471764088, 0.006151579786092043, -0.03875517472624779, -0.025250794366002083, -0.015626374632120132, 0.005180514417588711, 0.0020064746495336294, -0.0038088217843323946, -0.0012661541113629937, 0.009710004553198814, 0.0035882636439055204, -0.0156891867518425], [0.06402026116847992, 0.05260593816637993, 1.0, -0.009724141098558903, 0.03711770474910736, -0.014721749350428581, -0.016768019646406174, -0.043489083647727966, -0.009541932493448257, -0.012506261467933655, 0.010279983282089233, 0.01536611933261156, -0.01845722459256649, 0.024821728467941284, -0.0029562979470938444, -0.0025436508003622293], [-0.005535310134291649, 0.031160717830061913, -0.009724141098558903, 1.0, -0.00698405597358942, -0.03671957179903984, 0.030681224539875984, -0.017846425995230675, 0.03644485026597977, -0.001995667116716504, 0.00025292258942499757, 0.022872595116496086, -0.01848134957253933, -0.03129053860902786, -0.003445400856435299, -0.024422990158200264], [0.015504302456974983, -0.012168732471764088, 0.03711770474910736, -0.00698405597358942, 1.0, -0.00029696672572754323, 0.03499152883887291, 0.009103182703256607, -0.020594609901309013, 0.020695224404335022, -0.0027041605208069086, -0.01680874638259411, 0.013303790241479874, 0.012799672782421112, 0.0361320897936821, 0.008014579303562641], [-0.01115101482719183, 0.006151579786092043, -0.014721749350428581, -0.03671957179903984, -0.00029696672572754323, 1.0, 0.03952193260192871, 0.007149453740566969, 0.009803072549402714, 0.020927421748638153, 0.03355763852596283, -0.011319698765873909, 0.02285970374941826, 0.026264004409313202, -0.021088244393467903, -0.014211500063538551], [-0.013123099692165852, -0.03875517472624779, -0.016768019646406174, 0.030681224539875984, 0.03499152883887291, 0.03952193260192871, 1.0, 0.010976403951644897, -0.01562921702861786, -0.003840213641524315, -0.04137825965881348, 0.019494876265525818, 0.02622993104159832, 0.007161678280681372, 0.028605613857507706, 0.021626831963658333], [-0.034169018268585205, -0.025250794366002083, -0.043489083647727966, -0.017846425995230675, 0.009103182703256607, 0.007149453740566969, 0.010976403951644897, 1.0, 0.0454442985355854, -0.029921678826212883, -0.009982162155210972, -0.02136128582060337, 0.007096121087670326, -0.020213067531585693, 0.027797557413578033, -0.013501949608325958], [0.0022681145928800106, -0.015626374632120132, -0.009541932493448257, 0.03644485026597977, -0.020594609901309013, 0.009803072549402714, -0.01562921702861786, 0.0454442985355854, 1.0, 0.008570649661123753, -0.009621656499803066, -0.004346906673163176, 0.013834581710398197, 0.017542622983455658, 0.0067158043384552, 0.02219240926206112], [0.016975848004221916, 0.005180514417588711, -0.012506261467933655, -0.001995667116716504, 0.020695224404335022, 0.020927421748638153, -0.003840213641524315, -0.029921678826212883, 0.008570649661123753, 1.0, -0.03433960676193237, -0.04274144768714905, 0.0498386025428772, -0.024003995582461357, -0.03883810713887215, -0.017188487574458122], [0.01828950084745884, 0.0020064746495336294, 0.010279983282089233, 0.00025292258942499757, -0.0027041605208069086, 0.03355763852596283, -0.04137825965881348, -0.009982162155210972, -0.009621656499803066, -0.03433960676193237, 1.0, -0.024107156321406364, -0.005323032382875681, 0.019967611879110336, -0.016704674810171127, 0.028700659051537514], [-0.01142573356628418, -0.0038088217843323946, 0.01536611933261156, 0.022872595116496086, -0.01680874638259411, -0.011319698765873909, 0.019494876265525818, -0.02136128582060337, -0.004346906673163176, -0.04274144768714905, -0.024107156321406364, 1.0, -0.045615848153829575, 0.01752675138413906, 0.05026407167315483, 0.03773853927850723], [-0.00024540501181036234, -0.0012661541113629937, -0.01845722459256649, -0.01848134957253933, 0.013303790241479874, 0.02285970374941826, 0.02622993104159832, 0.007096121087670326, 0.013834581710398197, 0.0498386025428772, -0.005323032382875681, -0.045615848153829575, 1.0, -0.019633699208498, 0.040252409875392914, -0.04337908327579498], [0.01814509555697441, 0.009710004553198814, 0.024821728467941284, -0.03129053860902786, 0.012799672782421112, 0.026264004409313202, 0.007161678280681372, -0.020213067531585693, 0.017542622983455658, -0.024003995582461357, 0.019967611879110336, 0.01752675138413906, -0.019633699208498, 1.0, 0.039950840175151825, 0.0034262805711477995], [-0.0043486845679581165, 0.0035882636439055204, -0.0029562979470938444, -0.003445400856435299, 0.0361320897936821, -0.021088244393467903, 0.028605613857507706, 0.027797557413578033, 0.0067158043384552, -0.03883810713887215, -0.016704674810171127, 0.05026407167315483, 0.040252409875392914, 0.039950840175151825, 1.0, 0.01619654893875122], [0.02494010701775551, -0.0156891867518425, -0.0025436508003622293, -0.024422990158200264, 0.008014579303562641, -0.014211500063538551, 0.021626831963658333, -0.013501949608325958, 0.02219240926206112, -0.017188487574458122, 0.028700659051537514, 0.03773853927850723, -0.04337908327579498, 0.0034262805711477995, 0.01619654893875122, 1.0]], "procrustes": [[1.0, 0.8353421688079834, 0.7443539500236511, 0.6798927187919617, 0.6343804597854614, 0.601126492023468, 0.583487331867218, 0.5724766254425049, 0.5482009649276733, 0.5278795957565308, 0.5282811522483826, 0.5152509212493896, 0.5126051902770996, 0.506472110748291, 0.49056145548820496, 0.48052549362182617], [0.8353421688079834, 1.0, 0.8717779517173767, 0.7767320275306702, 0.7265771627426147, 0.682129979133606, 0.6561281681060791, 0.6333178877830505, 0.6091088652610779, 0.5902305841445923, 0.5818939805030823, 0.5612733960151672, 0.5530771613121033, 0.5420747995376587, 0.5226356983184814, 0.5204655528068542], [0.7443539500236511, 0.8717779517173767, 1.0, 0.875717282295227, 0.8103991746902466, 0.758482038974762, 0.7296122312545776, 0.7014630436897278, 0.675584614276886, 0.654962956905365, 0.6473271250724792, 0.6249798536300659, 0.6115478277206421, 0.5996871590614319, 0.5776004791259766, 0.5742794275283813], [0.6798927187919617, 0.7767320275306702, 0.875717282295227, 1.0, 0.9102377891540527, 0.8517951965332031, 0.8191885948181152, 0.7917134165763855, 0.7604999542236328, 0.7316515445709229, 0.7209632992744446, 0.7008138298988342, 0.6886264085769653, 0.6750720739364624, 0.6554234027862549, 0.6486116647720337], [0.6343804597854614, 0.7265771627426147, 0.8103991746902466, 0.9102377891540527, 1.0, 0.930863082408905, 0.8928426504135132, 0.8570551872253418, 0.8192158341407776, 0.7883819937705994, 0.7708446979522705, 0.7422394156455994, 0.7250403761863708, 0.7038148045539856, 0.6830631494522095, 0.6820346713066101], [0.601126492023468, 0.682129979133606, 0.758482038974762, 0.8517951965332031, 0.930863082408905, 1.0, 0.9576478600502014, 0.9210898876190186, 0.886438250541687, 0.8546608090400696, 0.8335186243057251, 0.8026164770126343, 0.7837837934494019, 0.7558051943778992, 0.7289825081825256, 0.7381418347358704], [0.583487331867218, 0.6561281681060791, 0.7296122312545776, 0.8191885948181152, 0.8928426504135132, 0.9576478600502014, 1.0, 0.9689579606056213, 0.9353985786437988, 0.9032903909683228, 0.8883078694343567, 0.8577873706817627, 0.8371493816375732, 0.8101343512535095, 0.7846869826316833, 0.7825457453727722], [0.5724766254425049, 0.6333178877830505, 0.7014630436897278, 0.7917134165763855, 0.8570551872253418, 0.9210898876190186, 0.9689579606056213, 1.0, 0.9673576354980469, 0.9323969483375549, 0.9238883256912231, 0.8904429078102112, 0.8693162798881531, 0.8403467535972595, 0.8165555000305176, 0.8138691782951355], [0.5482009649276733, 0.6091088652610779, 0.675584614276886, 0.7604999542236328, 0.8192158341407776, 0.886438250541687, 0.9353985786437988, 0.9673576354980469, 1.0, 0.9715759754180908, 0.9558380246162415, 0.9196526408195496, 0.895392119884491, 0.8671277165412903, 0.8436411023139954, 0.8404132127761841], [0.5278795957565308, 0.5902305841445923, 0.654962956905365, 0.7316515445709229, 0.7883819937705994, 0.8546608090400696, 0.9032903909683228, 0.9323969483375549, 0.9715759754180908, 1.0, 0.9777340292930603, 0.9494260549545288, 0.9255586266517639, 0.8912603259086609, 0.8630859851837158, 0.8663694858551025], [0.5282811522483826, 0.5818939805030823, 0.6473271250724792, 0.7209632992744446, 0.7708446979522705, 0.8335186243057251, 0.8883078694343567, 0.9238883256912231, 0.9558380246162415, 0.9777340292930603, 1.0, 0.9780308604240417, 0.9568827748298645, 0.9277327656745911, 0.9072810411453247, 0.9011313915252686], [0.5152509212493896, 0.5612733960151672, 0.6249798536300659, 0.7008138298988342, 0.7422394156455994, 0.8026164770126343, 0.8577873706817627, 0.8904429078102112, 0.9196526408195496, 0.9494260549545288, 0.9780308604240417, 1.0, 0.9820358753204346, 0.9525279402732849, 0.9372100234031677, 0.9281067252159119], [0.5126051902770996, 0.5530771613121033, 0.6115478277206421, 0.6886264085769653, 0.7250403761863708, 0.7837837934494019, 0.8371493816375732, 0.8693162798881531, 0.895392119884491, 0.9255586266517639, 0.9568827748298645, 0.9820358753204346, 1.0, 0.9771842956542969, 0.9612844586372375, 0.9485339522361755], [0.506472110748291, 0.5420747995376587, 0.5996871590614319, 0.6750720739364624, 0.7038148045539856, 0.7558051943778992, 0.8101343512535095, 0.8403467535972595, 0.8671277165412903, 0.8912603259086609, 0.9277327656745911, 0.9525279402732849, 0.9771842956542969, 1.0, 0.9822165966033936, 0.9662675261497498], [0.49056145548820496, 0.5226356983184814, 0.5776004791259766, 0.6554234027862549, 0.6830631494522095, 0.7289825081825256, 0.7846869826316833, 0.8165555000305176, 0.8436411023139954, 0.8630859851837158, 0.9072810411453247, 0.9372100234031677, 0.9612844586372375, 0.9822165966033936, 1.0, 0.9721507430076599], [0.48052549362182617, 0.5204655528068542, 0.5742794275283813, 0.6486116647720337, 0.6820346713066101, 0.7381418347358704, 0.7825457453727722, 0.8138691782951355, 0.8404132127761841, 0.8663694858551025, 0.9011313915252686, 0.9281067252159119, 0.9485339522361755, 0.9662675261497498, 0.9721507430076599, 1.0]], "pc1_variance": [0.23784363269805908, 0.1625978797674179, 0.18322870135307312, 0.22921323776245117, 0.23647084832191467, 0.2027369886636734, 0.2406238466501236, 0.2806037366390228, 0.2749859392642975, 0.25278761982917786, 0.302983820438385, 0.3601505160331726, 0.39058351516723633, 0.4304007887840271, 0.4571474492549896, 0.3387857675552368], "probe_accuracy_per_layer": null}, "cka_trained_vs_init_per_layer": [0.6044676899909973, 0.33433881402015686, 0.14965438842773438, 0.05162729322910309, 0.029910312965512276, 0.03316282480955124, 0.033341746777296066, 0.036469731479883194, 0.040313720703125, 0.038184754550457, 0.0440986305475235, 0.039854541420936584, 0.03765685111284256, 0.039110470563173294, 0.04347006604075432, 0.05814038962125778], "runtime_sec": 22.933680772781372}