{"config": {"input_dim": 3072, "num_classes": 10, "depth": 4, "width": 128, "init_scale": 1.0, "nonlinearity": "relu"}, "dataset": "cifar10", "seed": 0, "epochs": 15, "shuffle_labels": false, "test_accuracy": 0.539, "history": {"train_loss": [1.7613088245294533, 1.5130169720065838, 1.3977477282893902, 1.3098576421640358, 1.2394227166565097, 1.172718625895831, 1.1137390678026238, 1.055756851118438, 1.0018632132179883, 0.9555125133115419, 0.9087601133755275, 0.874190558584369, 0.8457263397927187, 0.8273502174688845, 0.8165269056145026], "val_acc": [0.4362, 0.4818, 0.4958, 0.503, 0.5062, 0.5232, 0.525, 0.523, 0.5278, 0.5364, 0.5356, 0.5358, 0.5404, 0.537, 0.539], "param_delta_ratio": 1.5591751412494517, "n_params": 444170}, "trained": {"cka": [[1.0, 0.8573243021965027, 0.6096717119216919, 0.40159299969673157], [0.8573243021965027, 1.0, 0.8336164355278015, 0.6238069534301758], [0.6096717119216919, 0.8336164355278015, 1.0, 0.897111177444458], [0.40159299969673157, 0.6238069534301758, 0.897111177444458, 1.0]], "cosine": [[1.0, 0.045967794954776764, 0.04530797526240349, 0.043971169739961624], [0.045967794954776764, 1.0, 0.09936928749084473, 0.09323246031999588], [0.04530797526240349, 0.09936928749084473, 1.0, 0.07107173651456833], [0.043971169739961624, 0.09323246031999588, 0.07107173651456833, 1.0]], "procrustes": [[1.0, 0.8505038022994995, 0.7165664434432983, 0.5769604444503784], [0.8505038022994995, 1.0, 0.8624730110168457, 0.7268032431602478], [0.7165664434432983, 0.8624730110168457, 1.0, 0.8967141509056091], [0.5769604444503784, 0.7268032431602478, 0.8967141509056091, 1.0]], "pc1_variance": [0.10492147505283356, 0.1171698123216629, 0.1812976747751236, 0.330972820520401], "probe_accuracy_per_layer": [0.45350003242492676, 0.49250003695487976, 0.5100000500679016, 0.5295000076293945]}, "init": {"cka": [[1.0, 0.8794355988502502, 0.7096291184425354, 0.5877518057823181], [0.8794355988502502, 1.0, 0.8462618589401245, 0.7030367255210876], [0.7096291184425354, 0.8462618589401245, 1.0, 0.8644809126853943], [0.5877518057823181, 0.7030367255210876, 0.8644809126853943, 1.0]], "cosine": [[1.0, 0.03311992064118385, 0.014875952154397964, 0.038574960082769394], [0.03311992064118385, 1.0, 0.0551476925611496, 0.05340129882097244], [0.014875952154397964, 0.0551476925611496, 1.0, 0.0293919425457716], [0.038574960082769394, 0.05340129882097244, 0.0293919425457716, 1.0]], "procrustes": [[1.0, 0.8447368741035461, 0.7217101454734802, 0.6409078240394592], [0.8447368741035461, 1.0, 0.8391631245613098, 0.7399231195449829], [0.7217101454734802, 0.8391631245613098, 1.0, 0.8694186210632324], [0.6409078240394592, 0.7399231195449829, 0.8694186210632324, 1.0]], "pc1_variance": [0.2023685723543167, 0.18764875829219818, 0.18922576308250427, 0.17542801797389984], "probe_accuracy_per_layer": null}, "cka_trained_vs_init_per_layer": [0.6733463406562805, 0.5010372996330261, 0.2605564296245575, 0.13950863480567932], "runtime_sec": 7.30970311164856}