{"config": {"input_dim": 784, "num_classes": 10, "depth": 16, "width": 128, "init_scale": 1.0, "nonlinearity": "relu"}, "dataset": "mnist", "seed": 1, "epochs": 8, "shuffle_labels": false, "test_accuracy": 0.9726, "history": {"train_loss": [1.7286951203467482, 0.7438118028438697, 0.3340259155226966, 0.2097141818474915, 0.1625319419397136, 0.12824378320473737, 0.10505248644089295, 0.09255852534483044], "val_acc": [0.655, 0.9184, 0.9524, 0.9606, 0.9668, 0.9708, 0.9732, 0.9726], "param_delta_ratio": 0.4938952259184373, "n_params": 349450}, "trained": {"cka": [[1.0, 0.7167965173721313, 0.5499262809753418, 0.45761004090309143, 0.4334288239479065, 0.4215708374977112, 0.4151914119720459, 0.424031525850296, 0.4290737211704254, 0.4359094202518463, 0.4352593719959259, 0.42631563544273376, 0.43292009830474854, 0.4434922933578491, 0.45191025733947754, 0.4387151896953583], [0.7167965173721313, 1.0, 0.910959780216217, 0.7824513912200928, 0.6914421916007996, 0.6600021719932556, 0.6426616907119751, 0.6580525636672974, 0.662071943283081, 0.6823105812072754, 0.6830869317054749, 0.6639639139175415, 0.6819128394126892, 0.6810443997383118, 0.6891224384307861, 0.6446542143821716], [0.5499262809753418, 0.910959780216217, 1.0, 0.9550360441207886, 0.8899731636047363, 0.864254355430603, 0.8499448895454407, 0.8550315499305725, 0.8457082509994507, 0.8572375178337097, 0.8511067628860474, 0.8410626649856567, 0.8511126041412354, 0.8309651017189026, 0.8083107471466064, 0.7298067212104797], [0.45761004090309143, 0.7824513912200928, 0.9550360441207886, 1.0, 0.9732366800308228, 0.9593328833580017, 0.9510178565979004, 0.9496792554855347, 0.9347332715988159, 0.9404898285865784, 0.9341439604759216, 0.9348772168159485, 0.9361076354980469, 0.9023208022117615, 0.8560473322868347, 0.7649180293083191], [0.4334288239479065, 0.6914421916007996, 0.8899731636047363, 0.9732366800308228, 1.0, 0.9982280135154724, 0.9959787726402283, 0.9950351119041443, 0.9859113693237305, 0.9822266697883606, 0.972698450088501, 0.9749465584754944, 0.9700239300727844, 0.9473631381988525, 0.9048833250999451, 0.827942430973053], [0.4215708374977112, 0.6600021719932556, 0.864254355430603, 0.9593328833580017, 0.9982280135154724, 1.0, 0.9995332360267639, 0.9980906844139099, 0.9895721673965454, 0.9838466644287109, 0.9739094972610474, 0.9772464036941528, 0.9705320000648499, 0.9490149021148682, 0.9059261679649353, 0.8322629332542419], [0.4151914119720459, 0.6426616907119751, 0.8499448895454407, 0.9510178565979004, 0.9959787726402283, 0.9995332360267639, 1.0, 0.998127281665802, 0.9897103905677795, 0.9828320741653442, 0.9726182818412781, 0.9767491221427917, 0.9689323306083679, 0.9476650357246399, 0.9038310050964355, 0.8313555717468262], [0.424031525850296, 0.6580525636672974, 0.8550315499305725, 0.9496792554855347, 0.9950351119041443, 0.9980906844139099, 0.998127281665802, 1.0, 0.9964678287506104, 0.9919655323028564, 0.9838897585868835, 0.9851883053779602, 0.9796770811080933, 0.9641965627670288, 0.9272049069404602, 0.8612639307975769], [0.4290737211704254, 0.662071943283081, 0.8457082509994507, 0.9347332715988159, 0.9859113693237305, 0.9895721673965454, 0.9897103905677795, 0.9964678287506104, 1.0, 0.9975960850715637, 0.9920763373374939, 0.9900393486022949, 0.9868033528327942, 0.980132520198822, 0.9527133703231812, 0.8971898555755615], [0.4359094202518463, 0.6823105812072754, 0.8572375178337097, 0.9404898285865784, 0.9822266697883606, 0.9838466644287109, 0.9828320741653442, 0.9919655323028564, 0.9975960850715637, 1.0, 0.9981569051742554, 0.9953035116195679, 0.9949210286140442, 0.9888150691986084, 0.9632105231285095, 0.9078044295310974], [0.4352593719959259, 0.6830869317054749, 0.8511067628860474, 0.9341439604759216, 0.972698450088501, 0.9739094972610474, 0.9726182818412781, 0.9838897585868835, 0.9920763373374939, 0.9981569051742554, 1.0, 0.9973881840705872, 0.9986761212348938, 0.9936458468437195, 0.9691938757896423, 0.9151032567024231], [0.42631563544273376, 0.6639639139175415, 0.8410626649856567, 0.9348772168159485, 0.9749465584754944, 0.9772464036941528, 0.9767491221427917, 0.9851883053779602, 0.9900393486022949, 0.9953035116195679, 0.9973881840705872, 1.0, 0.9983799457550049, 0.9868388772010803, 0.9535242915153503, 0.8902100324630737], [0.43292009830474854, 0.6819128394126892, 0.8511126041412354, 0.9361076354980469, 0.9700239300727844, 0.9705320000648499, 0.9689323306083679, 0.9796770811080933, 0.9868033528327942, 0.9949210286140442, 0.9986761212348938, 0.9983799457550049, 1.0, 0.9920625686645508, 0.9640153050422668, 0.9046361446380615], [0.4434922933578491, 0.6810443997383118, 0.8309651017189026, 0.9023208022117615, 0.9473631381988525, 0.9490149021148682, 0.9476650357246399, 0.9641965627670288, 0.980132520198822, 0.9888150691986084, 0.9936458468437195, 0.9868388772010803, 0.9920625686645508, 1.0, 0.9890604019165039, 0.948821485042572], [0.45191025733947754, 0.6891224384307861, 0.8083107471466064, 0.8560473322868347, 0.9048833250999451, 0.9059261679649353, 0.9038310050964355, 0.9272049069404602, 0.9527133703231812, 0.9632105231285095, 0.9691938757896423, 0.9535242915153503, 0.9640153050422668, 0.9890604019165039, 1.0, 0.9827073812484741], [0.4387151896953583, 0.6446542143821716, 0.7298067212104797, 0.7649180293083191, 0.827942430973053, 0.8322629332542419, 0.8313555717468262, 0.8612639307975769, 0.8971898555755615, 0.9078044295310974, 0.9151032567024231, 0.8902100324630737, 0.9046361446380615, 0.948821485042572, 0.9827073812484741, 1.0]], "cosine": [[1.0, 0.05075208470225334, 0.03051077201962471, -0.001396521576680243, 0.05801767855882645, 0.05313195660710335, 0.05751638114452362, 0.07610726356506348, 0.01132427528500557, 0.036500364542007446, 0.09130659699440002, -0.003982317168265581, 0.03771194815635681, 0.02582388184964657, -0.015431885607540607, 0.02932218462228775], [0.05075208470225334, 1.0, 0.12209267169237137, 0.16495198011398315, 0.1823112815618515, 0.18527843058109283, 0.1714596152305603, 0.16223876178264618, 0.105523481965065, 0.12099719047546387, 0.14508658647537231, 0.17265522480010986, 0.11173120141029358, 0.15573039650917053, 0.11091847717761993, 0.11853459477424622], [0.03051077201962471, 0.12209267169237137, 1.0, 0.26471248269081116, 0.27053940296173096, 0.3300275206565857, 0.3055529296398163, 0.2788658142089844, 0.1934032440185547, 0.21972332894802094, 0.2622169554233551, 0.1896008551120758, 0.2594875395298004, 0.251101553440094, 0.19254088401794434, 0.1276332288980484], [-0.001396521576680243, 0.16495198011398315, 0.26471248269081116, 1.0, 0.16873349249362946, 0.362730473279953, 0.34322527050971985, 0.3583574593067169, 0.3459879457950592, 0.2845754325389862, 0.3073318898677826, 0.324209600687027, 0.2776641547679901, 0.17756293714046478, 0.1960221529006958, 0.17540086805820465], [0.05801767855882645, 0.1823112815618515, 0.27053940296173096, 0.16873349249362946, 1.0, 0.3956793248653412, 0.413718581199646, 0.38234826922416687, 0.22341224551200867, 0.2860691249370575, 0.27404502034187317, 0.22631113231182098, 0.25023749470710754, 0.24014674127101898, 0.25756391882896423, 0.2608049213886261], [0.05313195660710335, 0.18527843058109283, 0.3300275206565857, 0.362730473279953, 0.3956793248653412, 1.0, 0.3208535611629486, 0.3150925636291504, 0.36021319031715393, 0.2324831485748291, 0.32728254795074463, 0.2977113127708435, 0.3412111699581146, 0.3016512095928192, 0.22087480127811432, 0.18276679515838623], [0.05751638114452362, 0.1714596152305603, 0.3055529296398163, 0.34322527050971985, 0.413718581199646, 0.3208535611629486, 1.0, 0.36363905668258667, 0.2666007876396179, 0.29852068424224854, 0.29562196135520935, 0.3002121150493622, 0.2682446241378784, 0.21276342868804932, 0.265506386756897, 0.16331051290035248], [0.07610726356506348, 0.16223876178264618, 0.2788658142089844, 0.3583574593067169, 0.38234826922416687, 0.3150925636291504, 0.36363905668258667, 1.0, 0.283634215593338, 0.31215405464172363, 0.27202802896499634, 0.2902788519859314, 0.3000454306602478, 0.15600888431072235, 0.262360155582428, 0.2243323177099228], [0.01132427528500557, 0.105523481965065, 0.1934032440185547, 0.3459879457950592, 0.22341224551200867, 0.36021319031715393, 0.2666007876396179, 0.283634215593338, 1.0, 0.33640679717063904, 0.25880515575408936, 0.25617527961730957, 0.28837549686431885, 0.20683105289936066, 0.15093505382537842, 0.20374132692813873], [0.036500364542007446, 0.12099719047546387, 0.21972332894802094, 0.2845754325389862, 0.2860691249370575, 0.2324831485748291, 0.29852068424224854, 0.31215405464172363, 0.33640679717063904, 1.0, 0.27331238985061646, 0.23151680827140808, 0.19419491291046143, 0.19192154705524445, 0.2127145230770111, 0.1423887461423874], [0.09130659699440002, 0.14508658647537231, 0.2622169554233551, 0.3073318898677826, 0.27404502034187317, 0.32728254795074463, 0.29562196135520935, 0.27202802896499634, 0.25880515575408936, 0.27331238985061646, 1.0, 0.27331387996673584, 0.24031037092208862, 0.23995566368103027, 0.17083296179771423, 0.17233070731163025], [-0.003982317168265581, 0.17265522480010986, 0.1896008551120758, 0.324209600687027, 0.22631113231182098, 0.2977113127708435, 0.3002121150493622, 0.2902788519859314, 0.25617527961730957, 0.23151680827140808, 0.27331387996673584, 1.0, 0.20118451118469238, 0.1987214982509613, 0.20496976375579834, 0.20467650890350342], [0.03771194815635681, 0.11173120141029358, 0.2594875395298004, 0.2776641547679901, 0.25023749470710754, 0.3412111699581146, 0.2682446241378784, 0.3000454306602478, 0.28837549686431885, 0.19419491291046143, 0.24031037092208862, 0.20118451118469238, 1.0, 0.16385366022586823, 0.23640389740467072, 0.20069937407970428], [0.02582388184964657, 0.15573039650917053, 0.251101553440094, 0.17756293714046478, 0.24014674127101898, 0.3016512095928192, 0.21276342868804932, 0.15600888431072235, 0.20683105289936066, 0.19192154705524445, 0.23995566368103027, 0.1987214982509613, 0.16385366022586823, 1.0, 0.12579821050167084, 0.1103917732834816], [-0.015431885607540607, 0.11091847717761993, 0.19254088401794434, 0.1960221529006958, 0.25756391882896423, 0.22087480127811432, 0.265506386756897, 0.262360155582428, 0.15093505382537842, 0.2127145230770111, 0.17083296179771423, 0.20496976375579834, 0.23640389740467072, 0.12579821050167084, 1.0, 0.20626847445964813], [0.02932218462228775, 0.11853459477424622, 0.1276332288980484, 0.17540086805820465, 0.2608049213886261, 0.18276679515838623, 0.16331051290035248, 0.2243323177099228, 0.20374132692813873, 0.1423887461423874, 0.17233070731163025, 0.20467650890350342, 0.20069937407970428, 0.1103917732834816, 0.20626847445964813, 1.0]], "procrustes": [[1.0, 0.8453993201255798, 0.6588653922080994, 0.509282112121582, 0.44204792380332947, 0.41764000058174133, 0.4052225649356842, 0.4126054644584656, 0.4209156632423401, 0.433874249458313, 0.4368807375431061, 0.43818140029907227, 0.44163885712623596, 0.465570867061615, 0.48623961210250854, 0.49525055289268494], [0.8453993201255798, 1.0, 0.9003487825393677, 0.770552396774292, 0.6939732432365417, 0.6646919250488281, 0.6491085290908813, 0.659558892250061, 0.668007493019104, 0.6847245097160339, 0.6874475479125977, 0.685356080532074, 0.6918311715126038, 0.7118765711784363, 0.7309157848358154, 0.7259343862533569], [0.6588653922080994, 0.9003487825393677, 1.0, 0.9536664485931396, 0.9047510027885437, 0.8832385540008545, 0.8713372945785522, 0.8785122632980347, 0.8815928101539612, 0.8933899998664856, 0.8933629393577576, 0.8915704488754272, 0.8958263993263245, 0.9022380709648132, 0.9048738479614258, 0.8794525861740112], [0.509282112121582, 0.770552396774292, 0.9536664485931396, 1.0, 0.9860471487045288, 0.9765161275863647, 0.97043377161026, 0.9727420806884766, 0.970691978931427, 0.9751524329185486, 0.9729979634284973, 0.9714457988739014, 0.9726308584213257, 0.9632747173309326, 0.948229193687439, 0.911792516708374], [0.44204792380332947, 0.6939732432365417, 0.9047510027885437, 0.9860471487045288, 1.0, 0.998426079750061, 0.9963905811309814, 0.9967595338821411, 0.9943276643753052, 0.9924647212028503, 0.987899124622345, 0.9857251048088074, 0.984315037727356, 0.9725841879844666, 0.9539108872413635, 0.9209364652633667], [0.41764000058174133, 0.6646919250488281, 0.8832385540008545, 0.9765161275863647, 0.998426079750061, 1.0, 0.9995306730270386, 0.9990316033363342, 0.995926022529602, 0.9920702576637268, 0.9867220520973206, 0.9842550158500671, 0.9819291234016418, 0.9684240221977234, 0.9477198123931885, 0.91538006067276], [0.4052225649356842, 0.6491085290908813, 0.8713372945785522, 0.97043377161026, 0.9963905811309814, 0.9995306730270386, 1.0, 0.9990273118019104, 0.9955127835273743, 0.9905904531478882, 0.984826922416687, 0.9823198914527893, 0.9793295860290527, 0.9647428393363953, 0.9426243901252747, 0.9103255867958069], [0.4126054644584656, 0.659558892250061, 0.8785122632980347, 0.9727420806884766, 0.9967595338821411, 0.9990316033363342, 0.9990273118019104, 1.0, 0.9985259771347046, 0.9953301548957825, 0.9907419085502625, 0.9878625869750977, 0.9855937361717224, 0.9735340476036072, 0.9538770318031311, 0.9233454465866089], [0.4209156632423401, 0.668007493019104, 0.8815928101539612, 0.970691978931427, 0.9943276643753052, 0.995926022529602, 0.9955127835273743, 0.9985259771347046, 1.0, 0.9982053637504578, 0.9948432445526123, 0.9918479323387146, 0.9902790188789368, 0.9819496273994446, 0.9656717777252197, 0.9384459853172302], [0.433874249458313, 0.6847245097160339, 0.8933899998664856, 0.9751524329185486, 0.9924647212028503, 0.9920702576637268, 0.9905904531478882, 0.9953301548957825, 0.9982053637504578, 1.0, 0.9989525675773621, 0.9965769648551941, 0.9961786270141602, 0.9897996783256531, 0.975368857383728, 0.9475586414337158], [0.4368807375431061, 0.6874475479125977, 0.8933629393577576, 0.9729979634284973, 0.987899124622345, 0.9867220520973206, 0.984826922416687, 0.9907419085502625, 0.9948432445526123, 0.9989525675773621, 1.0, 0.9985126256942749, 0.9986617565155029, 0.9932624697685242, 0.9794319272041321, 0.9510372281074524], [0.43818140029907227, 0.685356080532074, 0.8915704488754272, 0.9714457988739014, 0.9857251048088074, 0.9842550158500671, 0.9823198914527893, 0.9878625869750977, 0.9918479323387146, 0.9965769648551941, 0.9985126256942749, 1.0, 0.9991433620452881, 0.9930803775787354, 0.9768111109733582, 0.9443468451499939], [0.44163885712623596, 0.6918311715126038, 0.8958263993263245, 0.9726308584213257, 0.984315037727356, 0.9819291234016418, 0.9793295860290527, 0.9855937361717224, 0.9902790188789368, 0.9961786270141602, 0.9986617565155029, 0.9991433620452881, 1.0, 0.9956375360488892, 0.9815835952758789, 0.9508658051490784], [0.465570867061615, 0.7118765711784363, 0.9022380709648132, 0.9632747173309326, 0.9725841879844666, 0.9684240221977234, 0.9647428393363953, 0.9735340476036072, 0.9819496273994446, 0.9897996783256531, 0.9932624697685242, 0.9930803775787354, 0.9956375360488892, 1.0, 0.994360625743866, 0.9728204607963562], [0.48623961210250854, 0.7309157848358154, 0.9048738479614258, 0.948229193687439, 0.9539108872413635, 0.9477198123931885, 0.9426243901252747, 0.9538770318031311, 0.9656717777252197, 0.975368857383728, 0.9794319272041321, 0.9768111109733582, 0.9815835952758789, 0.994360625743866, 1.0, 0.9894920587539673], [0.49525055289268494, 0.7259343862533569, 0.8794525861740112, 0.911792516708374, 0.9209364652633667, 0.91538006067276, 0.9103255867958069, 0.9233454465866089, 0.9384459853172302, 0.9475586414337158, 0.9510372281074524, 0.9443468451499939, 0.9508658051490784, 0.9728204607963562, 0.9894920587539673, 1.0]], "pc1_variance": [0.13539628684520721, 0.31465935707092285, 0.47271212935447693, 0.6128526926040649, 0.6959951519966125, 0.727275550365448, 0.7444813847541809, 0.7223525643348694, 0.7122959494590759, 0.6766096353530884, 0.6597382426261902, 0.6666281819343567, 0.6436600685119629, 0.6483190059661865, 0.6595209836959839, 0.7232993245124817], "probe_accuracy_per_layer": [0.9480000734329224, 0.9465000629425049, 0.9505000710487366, 0.9495000243186951, 0.9425000548362732, 0.9410000443458557, 0.9315000176429749, 0.9385000467300415, 0.9410000443458557, 0.9410000443458557, 0.9420000314712524, 0.9415000677108765, 0.9420000314712524, 0.9425000548362732, 0.9415000677108765, 0.9445000290870667]}, "init": {"cka": [[1.0, 0.828619658946991, 0.731340229511261, 0.6582456827163696, 0.5982947945594788, 0.563252329826355, 0.5183007717132568, 0.4996216297149658, 0.4851338267326355, 0.46748825907707214, 0.44817987084388733, 0.4043518006801605, 0.3519294261932373, 0.3948221802711487, 0.3734167218208313, 0.3706687092781067], [0.828619658946991, 1.0, 0.8517193794250488, 0.7523464560508728, 0.6769593954086304, 0.6253554224967957, 0.5949369668960571, 0.576252818107605, 0.5581275224685669, 0.5346330404281616, 0.5110059976577759, 0.46348637342453003, 0.39796385169029236, 0.4420614540576935, 0.4392421543598175, 0.44114363193511963], [0.731340229511261, 0.8517193794250488, 1.0, 0.8851990699768066, 0.823185384273529, 0.7822371125221252, 0.7339085340499878, 0.6925061941146851, 0.6667295694351196, 0.6229090690612793, 0.5944578647613525, 0.540512204170227, 0.47667133808135986, 0.5342194437980652, 0.5116224884986877, 0.5005312561988831], [0.6582456827163696, 0.7523464560508728, 0.8851990699768066, 1.0, 0.9054996371269226, 0.8525388240814209, 0.7997444868087769, 0.7521888017654419, 0.7212116718292236, 0.6733479499816895, 0.6370331048965454, 0.5876928567886353, 0.5156248211860657, 0.577736496925354, 0.5473160743713379, 0.5398247241973877], [0.5982947945594788, 0.6769593954086304, 0.823185384273529, 0.9054996371269226, 1.0, 0.9286660552024841, 0.8658105731010437, 0.803546667098999, 0.7748022079467773, 0.7357155680656433, 0.7038065195083618, 0.663293182849884, 0.5691351294517517, 0.6363024115562439, 0.6199992299079895, 0.6054390668869019], [0.563252329826355, 0.6253554224967957, 0.7822371125221252, 0.8525388240814209, 0.9286660552024841, 1.0, 0.9397481083869934, 0.8857689499855042, 0.8485764265060425, 0.7966101765632629, 0.7569940090179443, 0.7174143195152283, 0.6215110421180725, 0.689922571182251, 0.647760272026062, 0.6378134489059448], [0.5183007717132568, 0.5949369668960571, 0.7339085340499878, 0.7997444868087769, 0.8658105731010437, 0.9397481083869934, 1.0, 0.9519943594932556, 0.9011037945747375, 0.8372251391410828, 0.7813504934310913, 0.7344020009040833, 0.6400217413902283, 0.7230921983718872, 0.6829078197479248, 0.6702979803085327], [0.4996216297149658, 0.576252818107605, 0.6925061941146851, 0.7521888017654419, 0.803546667098999, 0.8857689499855042, 0.9519943594932556, 1.0, 0.9434061646461487, 0.8772271275520325, 0.8166314959526062, 0.7687463164329529, 0.6758780479431152, 0.7509433627128601, 0.6966016292572021, 0.6900193095207214], [0.4851338267326355, 0.5581275224685669, 0.6667295694351196, 0.7212116718292236, 0.7748022079467773, 0.8485764265060425, 0.9011037945747375, 0.9434061646461487, 1.0, 0.9453074932098389, 0.8904315233230591, 0.846707820892334, 0.757631242275238, 0.8134434819221497, 0.7489198446273804, 0.7397198677062988], [0.46748825907707214, 0.5346330404281616, 0.6229090690612793, 0.6733479499816895, 0.7357155680656433, 0.7966101765632629, 0.8372251391410828, 0.8772271275520325, 0.9453074932098389, 1.0, 0.9535874724388123, 0.9232323169708252, 0.818061351776123, 0.8653365969657898, 0.8363952040672302, 0.8142985105514526], [0.44817987084388733, 0.5110059976577759, 0.5944578647613525, 0.6370331048965454, 0.7038065195083618, 0.7569940090179443, 0.7813504934310913, 0.8166314959526062, 0.8904315233230591, 0.9535874724388123, 1.0, 0.9331405758857727, 0.8602681756019592, 0.8522332310676575, 0.8541563153266907, 0.830909252166748], [0.4043518006801605, 0.46348637342453003, 0.540512204170227, 0.5876928567886353, 0.663293182849884, 0.7174143195152283, 0.7344020009040833, 0.7687463164329529, 0.846707820892334, 0.9232323169708252, 0.9331405758857727, 1.0, 0.9147822856903076, 0.9187431335449219, 0.9131572246551514, 0.8964235186576843], [0.3519294261932373, 0.39796385169029236, 0.47667133808135986, 0.5156248211860657, 0.5691351294517517, 0.6215110421180725, 0.6400217413902283, 0.6758780479431152, 0.757631242275238, 0.818061351776123, 0.8602681756019592, 0.9147822856903076, 1.0, 0.9342007637023926, 0.8817266225814819, 0.8662160038948059], [0.3948221802711487, 0.4420614540576935, 0.5342194437980652, 0.577736496925354, 0.6363024115562439, 0.689922571182251, 0.7230921983718872, 0.7509433627128601, 0.8134434819221497, 0.8653365969657898, 0.8522332310676575, 0.9187431335449219, 0.9342007637023926, 1.0, 0.9164751172065735, 0.9219255447387695], [0.3734167218208313, 0.4392421543598175, 0.5116224884986877, 0.5473160743713379, 0.6199992299079895, 0.647760272026062, 0.6829078197479248, 0.6966016292572021, 0.7489198446273804, 0.8363952040672302, 0.8541563153266907, 0.9131572246551514, 0.8817266225814819, 0.9164751172065735, 1.0, 0.9698106646537781], [0.3706687092781067, 0.44114363193511963, 0.5005312561988831, 0.5398247241973877, 0.6054390668869019, 0.6378134489059448, 0.6702979803085327, 0.6900193095207214, 0.7397198677062988, 0.8142985105514526, 0.830909252166748, 0.8964235186576843, 0.8662160038948059, 0.9219255447387695, 0.9698106646537781, 1.0]], "cosine": [[1.0, 0.03185124695301056, 0.00707598403096199, 0.03036820888519287, 0.02746005542576313, -0.009893432259559631, 0.003126602852717042, 0.014107931405305862, -0.01751246117055416, -0.0037692205514758825, 0.00825953297317028, 0.039269737899303436, -0.02175576612353325, -0.02425803244113922, -0.004861585795879364, -0.004546560347080231], [0.03185124695301056, 1.0, 0.04534604027867317, -0.0029321513138711452, 0.029715370386838913, 0.015917206183075905, -0.016977842897176743, 0.00023042313114274293, 0.001374328974634409, 0.01099714171141386, 0.010479560121893883, -0.006726016290485859, 0.0031250163447111845, -0.006215095520019531, -0.005802940111607313, -0.022002236917614937], [0.00707598403096199, 0.04534604027867317, 1.0, 0.02309218980371952, -0.01279094722121954, 0.023987585678696632, 0.003232104005292058, -0.02179133892059326, -0.03521350026130676, 0.02001267485320568, 0.02212020754814148, -0.0255638025701046, 0.030457817018032074, -0.01206930261105299, -0.029219646006822586, 0.015075390227138996], [0.03036820888519287, -0.0029321513138711452, 0.02309218980371952, 1.0, -0.0036881964188069105, -0.006698261946439743, 0.03330891579389572, 0.019339608028531075, -0.02895030751824379, -0.011159407906234264, -0.0005463426350615919, 0.012081914581358433, -0.008011776953935623, -0.02136695198714733, 0.016944626346230507, 0.01960955187678337], [0.02746005542576313, 0.029715370386838913, -0.01279094722121954, -0.0036881964188069105, 1.0, 0.048301052302122116, 0.018371788784861565, -0.007283705752342939, 0.02229260839521885, -0.023171111941337585, 0.002039743820205331, 0.0004168371087871492, -0.03586507588624954, -0.0033273017033934593, 0.02759515307843685, 0.02404072880744934], [-0.009893432259559631, 0.015917206183075905, 0.023987585678696632, -0.006698261946439743, 0.048301052302122116, 1.0, 0.009792685508728027, -0.0006657024496234953, 0.028116002678871155, 0.001704410184174776, 0.01628532074391842, -0.03830227628350258, 0.03177572786808014, 0.008009320124983788, -0.02034742943942547, -0.013382911682128906], [0.003126602852717042, -0.016977842897176743, 0.003232104005292058, 0.03330891579389572, 0.018371788784861565, 0.009792685508728027, 1.0, 0.023554814979434013, -0.02134913019835949, 0.022521739825606346, 0.009604597464203835, 0.012994733639061451, -0.024221375584602356, -0.019569728523492813, -0.00037313561188057065, -0.007395327556878328], [0.014107931405305862, 0.00023042313114274293, -0.02179133892059326, 0.019339608028531075, -0.007283705752342939, -0.0006657024496234953, 0.023554814979434013, 1.0, -0.02644232101738453, 0.04371082782745361, 0.010433805175125599, 0.018841374665498734, -0.013744085095822811, -0.014480340294539928, 0.039245255291461945, 0.006613966077566147], [-0.01751246117055416, 0.001374328974634409, -0.03521350026130676, -0.02895030751824379, 0.02229260839521885, 0.028116002678871155, -0.02134913019835949, -0.02644232101738453, 1.0, -0.017796659842133522, -0.04872773215174675, 0.025961797684431076, -0.03906708210706711, -0.04058234021067619, 0.028832146897912025, 0.026587221771478653], [-0.0037692205514758825, 0.01099714171141386, 0.02001267485320568, -0.011159407906234264, -0.023171111941337585, 0.001704410184174776, 0.022521739825606346, 0.04371082782745361, -0.017796659842133522, 1.0, 0.020916549488902092, -0.008373602293431759, 0.028269710019230843, 0.0672958493232727, -0.026666808873414993, 0.008236206136643887], [0.00825953297317028, 0.010479560121893883, 0.02212020754814148, -0.0005463426350615919, 0.002039743820205331, 0.01628532074391842, 0.009604597464203835, 0.010433805175125599, -0.04872773215174675, 0.020916549488902092, 1.0, 0.002077192533761263, -0.0541250966489315, -0.03917854279279709, 0.010945374146103859, 0.015077721327543259], [0.039269737899303436, -0.006726016290485859, -0.0255638025701046, 0.012081914581358433, 0.0004168371087871492, -0.03830227628350258, 0.012994733639061451, 0.018841374665498734, 0.025961797684431076, -0.008373602293431759, 0.002077192533761263, 1.0, -0.009972513653337955, -0.02760983817279339, 0.0008217979338951409, 0.0018190151313319802], [-0.02175576612353325, 0.0031250163447111845, 0.030457817018032074, -0.008011776953935623, -0.03586507588624954, 0.03177572786808014, -0.024221375584602356, -0.013744085095822811, -0.03906708210706711, 0.028269710019230843, -0.0541250966489315, -0.009972513653337955, 1.0, 0.009339617565274239, -0.00968390703201294, 0.09758181869983673], [-0.02425803244113922, -0.006215095520019531, -0.01206930261105299, -0.02136695198714733, -0.0033273017033934593, 0.008009320124983788, -0.019569728523492813, -0.014480340294539928, -0.04058234021067619, 0.0672958493232727, -0.03917854279279709, -0.02760983817279339, 0.009339617565274239, 1.0, -0.058321285992860794, -0.004717881325632334], [-0.004861585795879364, -0.005802940111607313, -0.029219646006822586, 0.016944626346230507, 0.02759515307843685, -0.02034742943942547, -0.00037313561188057065, 0.039245255291461945, 0.028832146897912025, -0.026666808873414993, 0.010945374146103859, 0.0008217979338951409, -0.00968390703201294, -0.058321285992860794, 1.0, -0.0560581274330616], [-0.004546560347080231, -0.022002236917614937, 0.015075390227138996, 0.01960955187678337, 0.02404072880744934, -0.013382911682128906, -0.007395327556878328, 0.006613966077566147, 0.026587221771478653, 0.008236206136643887, 0.015077721327543259, 0.0018190151313319802, 0.09758181869983673, -0.004717881325632334, -0.0560581274330616, 1.0]], "procrustes": [[1.0, 0.8524507284164429, 0.7574927806854248, 0.6939668655395508, 0.6462288498878479, 0.6158919334411621, 0.5847193002700806, 0.5644135475158691, 0.5489983558654785, 0.526805579662323, 0.5088531970977783, 0.48844414949417114, 0.46792930364608765, 0.4726729393005371, 0.45839864015579224, 0.45156171917915344], [0.8524507284164429, 1.0, 0.8684834241867065, 0.7865198850631714, 0.7318004965782166, 0.693647563457489, 0.6622484922409058, 0.6401317119598389, 0.6210675239562988, 0.5954750776290894, 0.576862096786499, 0.5534998178482056, 0.5281822681427002, 0.5323166251182556, 0.5204983353614807, 0.5147126913070679], [0.7574927806854248, 0.8684834241867065, 1.0, 0.8974559307098389, 0.8387323617935181, 0.8016465306282043, 0.7660648226737976, 0.7378364205360413, 0.7175737023353577, 0.6846238970756531, 0.6652612686157227, 0.6379191279411316, 0.6138142347335815, 0.6198421120643616, 0.603016197681427, 0.593715250492096], [0.6939668655395508, 0.7865198850631714, 0.8974559307098389, 1.0, 0.9246387481689453, 0.8823070526123047, 0.8415329456329346, 0.8095807433128357, 0.7852844595909119, 0.7526015639305115, 0.7297582626342773, 0.7035459876060486, 0.6750372052192688, 0.6831381916999817, 0.6648189425468445, 0.6564894318580627], [0.6462288498878479, 0.7318004965782166, 0.8387323617935181, 0.9246387481689453, 1.0, 0.952854335308075, 0.9112028479576111, 0.8782945275306702, 0.8540196418762207, 0.8228960037231445, 0.8027308583259583, 0.7784225344657898, 0.7438398003578186, 0.7541909217834473, 0.7380485534667969, 0.7267916798591614], [0.6158919334411621, 0.693647563457489, 0.8016465306282043, 0.8823070526123047, 0.952854335308075, 1.0, 0.9624227285385132, 0.9314393997192383, 0.9074843525886536, 0.875040590763092, 0.8524221181869507, 0.8280946612358093, 0.794301450252533, 0.8040590882301331, 0.7825771570205688, 0.7736361622810364], [0.5847193002700806, 0.6622484922409058, 0.7660648226737976, 0.8415329456329346, 0.9112028479576111, 0.9624227285385132, 1.0, 0.9697085022926331, 0.9411003589630127, 0.9060013294219971, 0.8788719177246094, 0.8527815341949463, 0.8203584551811218, 0.8349035978317261, 0.8155650496482849, 0.8040817975997925], [0.5644135475158691, 0.6401317119598389, 0.7378364205360413, 0.8095807433128357, 0.8782945275306702, 0.9314393997192383, 0.9697085022926331, 1.0, 0.9702324271202087, 0.9366735816001892, 0.909814178943634, 0.8836924433708191, 0.8543895483016968, 0.8645912408828735, 0.8421822786331177, 0.8304274082183838], [0.5489983558654785, 0.6210675239562988, 0.7175737023353577, 0.7852844595909119, 0.8540196418762207, 0.9074843525886536, 0.9411003589630127, 0.9702324271202087, 1.0, 0.9727177619934082, 0.9497838616371155, 0.9259659051895142, 0.8972071409225464, 0.9036991596221924, 0.8773505091667175, 0.8646406531333923], [0.526805579662323, 0.5954750776290894, 0.6846238970756531, 0.7526015639305115, 0.8228960037231445, 0.875040590763092, 0.9060013294219971, 0.9366735816001892, 0.9727177619934082, 1.0, 0.9811911582946777, 0.9643151760101318, 0.9317452907562256, 0.9360893964767456, 0.9184916615486145, 0.9045150279998779], [0.5088531970977783, 0.576862096786499, 0.6652612686157227, 0.7297582626342773, 0.8027308583259583, 0.8524221181869507, 0.8788719177246094, 0.909814178943634, 0.9497838616371155, 0.9811911582946777, 1.0, 0.9765899777412415, 0.9494040608406067, 0.9411241412162781, 0.9326045513153076, 0.9202225208282471], [0.48844414949417114, 0.5534998178482056, 0.6379191279411316, 0.7035459876060486, 0.7784225344657898, 0.8280946612358093, 0.8527815341949463, 0.8836924433708191, 0.9259659051895142, 0.9643151760101318, 0.9765899777412415, 1.0, 0.9694443941116333, 0.9654055833816528, 0.958705484867096, 0.9465814232826233], [0.46792930364608765, 0.5281822681427002, 0.6138142347335815, 0.6750372052192688, 0.7438398003578186, 0.794301450252533, 0.8203584551811218, 0.8543895483016968, 0.8972071409225464, 0.9317452907562256, 0.9494040608406067, 0.9694443941116333, 1.0, 0.9791398644447327, 0.9601550698280334, 0.9490331411361694], [0.4726729393005371, 0.5323166251182556, 0.6198421120643616, 0.6831381916999817, 0.7541909217834473, 0.8040590882301331, 0.8349035978317261, 0.8645912408828735, 0.9036991596221924, 0.9360893964767456, 0.9411241412162781, 0.9654055833816528, 0.9791398644447327, 1.0, 0.9755105376243591, 0.9687405228614807], [0.45839864015579224, 0.5204983353614807, 0.603016197681427, 0.6648189425468445, 0.7380485534667969, 0.7825771570205688, 0.8155650496482849, 0.8421822786331177, 0.8773505091667175, 0.9184916615486145, 0.9326045513153076, 0.958705484867096, 0.9601550698280334, 0.9755105376243591, 1.0, 0.9885700345039368], [0.45156171917915344, 0.5147126913070679, 0.593715250492096, 0.6564894318580627, 0.7267916798591614, 0.7736361622810364, 0.8040817975997925, 0.8304274082183838, 0.8646406531333923, 0.9045150279998779, 0.9202225208282471, 0.9465814232826233, 0.9490331411361694, 0.9687405228614807, 0.9885700345039368, 1.0]], "pc1_variance": [0.10794007778167725, 0.11967939138412476, 0.14656223356723785, 0.16784517467021942, 0.17654798924922943, 0.21417556703090668, 0.2296571284532547, 0.2531057298183441, 0.24734900891780853, 0.22889746725559235, 0.2599729001522064, 0.22688798606395721, 0.31096914410591125, 0.23512770235538483, 0.28713440895080566, 0.2343388795852661], "probe_accuracy_per_layer": null}, "cka_trained_vs_init_per_layer": [0.5517138838768005, 0.2618028521537781, 0.21296121180057526, 0.21375516057014465, 0.20279791951179504, 0.20691551268100739, 0.18350651860237122, 0.18602915108203888, 0.17572754621505737, 0.15586675703525543, 0.13927288353443146, 0.12632587552070618, 0.10246364027261734, 0.12796123325824738, 0.10185252130031586, 0.08425229042768478], "runtime_sec": 20.41373586654663}