{"config": {"input_dim": 784, "num_classes": 10, "depth": 4, "width": 512, "init_scale": 1.0, "nonlinearity": "relu"}, "dataset": "mnist", "seed": 2, "epochs": 8, "shuffle_labels": false, "test_accuracy": 0.9902, "history": {"train_loss": [0.3870647716320167, 0.10913843470546654, 0.06813905607530121, 0.044300434069108156, 0.024321806743362193, 0.013628853066189025, 0.007493788844084967, 0.005197599021149642], "val_acc": [0.9722, 0.9802, 0.9844, 0.9876, 0.9872, 0.9886, 0.9904, 0.9902], "param_delta_ratio": 0.5843369150069263, "n_params": 1195018}, "trained": {"cka": [[1.0, 0.8486984372138977, 0.6978680491447449, 0.6421239376068115], [0.8486984372138977, 1.0, 0.9460200667381287, 0.9028062224388123], [0.6978680491447449, 0.9460200667381287, 1.0, 0.9874112606048584], [0.6421239376068115, 0.9028062224388123, 0.9874112606048584, 1.0]], "cosine": [[1.0, 0.006879850756376982, 0.007671321742236614, 0.0180739127099514], [0.006879850756376982, 1.0, 0.04386260360479355, 0.033292777836322784], [0.007671321742236614, 0.04386260360479355, 1.0, 0.024728737771511078], [0.0180739127099514, 0.033292777836322784, 0.024728737771511078, 1.0]], "procrustes": [[1.0, 0.8747205138206482, 0.73094242811203, 0.6606670022010803], [0.8747205138206482, 1.0, 0.936943531036377, 0.8871681690216064], [0.73094242811203, 0.936943531036377, 1.0, 0.984277069568634], [0.6606670022010803, 0.8871681690216064, 0.984277069568634, 1.0]], "pc1_variance": [0.11350686103105545, 0.17090779542922974, 0.21745584905147552, 0.24828054010868073], "probe_accuracy_per_layer": [0.9595000743865967, 0.9675000309944153, 0.9755000472068787, 0.9760000705718994]}, "init": {"cka": [[1.0, 0.9290155172348022, 0.867607831954956, 0.8037259578704834], [0.9290155172348022, 1.0, 0.9272632002830505, 0.8635857701301575], [0.867607831954956, 0.9272632002830505, 1.0, 0.9289049506187439], [0.8037259578704834, 0.8635857701301575, 0.9289049506187439, 1.0]], "cosine": [[1.0, 0.021074118092656136, 0.01592397503554821, 0.009058783762156963], [0.021074118092656136, 1.0, 0.02291184663772583, 0.0264931321144104], [0.01592397503554821, 0.02291184663772583, 1.0, 0.01687380112707615], [0.009058783762156963, 0.0264931321144104, 0.01687380112707615, 1.0]], "procrustes": [[1.0, 0.8948349952697754, 0.8249565958976746, 0.7726532220840454], [0.8948349952697754, 1.0, 0.8950601816177368, 0.8293561935424805], [0.8249565958976746, 0.8950601816177368, 1.0, 0.9065528512001038], [0.7726532220840454, 0.8293561935424805, 0.9065528512001038, 1.0]], "pc1_variance": [0.09341829270124435, 0.09762593358755112, 0.08336549997329712, 0.08559077978134155], "probe_accuracy_per_layer": null}, "cka_trained_vs_init_per_layer": [0.8088638186454773, 0.556635320186615, 0.4066198468208313, 0.3540850281715393], "runtime_sec": 3.5331149101257324}