{"config": {"input_dim": 784, "num_classes": 10, "depth": 16, "width": 512, "init_scale": 1.0, "nonlinearity": "relu"}, "dataset": "mnist", "seed": 2, "epochs": 8, "shuffle_labels": false, "test_accuracy": 0.9478, "history": {"train_loss": [1.8964376964811551, 1.437289984044382, 0.728453614449097, 0.5047958200260744, 0.4010429430311009, 0.3168911226725174, 0.2626106254125046, 0.23483760162430295], "val_acc": [0.4504, 0.7084, 0.8562, 0.8902, 0.9236, 0.9368, 0.943, 0.9478], "param_delta_ratio": 0.5555136268268507, "n_params": 4346890}, "trained": {"cka": [[1.0, 0.4378304183483124, 0.25601479411125183, 0.24405425786972046, 0.2432222068309784, 0.24323193728923798, 0.2432374805212021, 0.24323619902133942, 0.2432277947664261, 0.243196040391922, 0.24311494827270508, 0.24321697652339935, 0.24339210987091064, 0.24377121031284332, 0.24405544996261597, 0.24394981563091278], [0.4378304183483124, 1.0, 0.9263620376586914, 0.9014681577682495, 0.8991233110427856, 0.8990976214408875, 0.8991080522537231, 0.8991027474403381, 0.8990197777748108, 0.8987184762954712, 0.8977809548377991, 0.8976585268974304, 0.898419201374054, 0.8993456363677979, 0.8986005783081055, 0.8959208130836487], [0.25601479411125183, 0.9263620376586914, 1.0, 0.996999979019165, 0.996446430683136, 0.9964422583580017, 0.9964450597763062, 0.996443510055542, 0.9964219331741333, 0.9963419437408447, 0.9960922002792358, 0.9960418939590454, 0.9962323904037476, 0.9964469075202942, 0.9962273240089417, 0.9954153895378113], [0.24405425786972046, 0.9014681577682495, 0.996999979019165, 1.0, 0.9999760389328003, 0.9999757409095764, 0.9999760389328003, 0.9999759197235107, 0.9999737739562988, 0.9999637007713318, 0.9999209046363831, 0.9999037384986877, 0.9999398589134216, 0.9999662041664124, 0.9999312162399292, 0.9997369050979614], [0.2432222068309784, 0.8991233110427856, 0.996446430683136, 0.9999760389328003, 1.0, 0.9999998807907104, 1.0, 0.9999999403953552, 0.9999996423721313, 0.9999958872795105, 0.999971866607666, 0.9999575018882751, 0.9999797940254211, 0.9999890923500061, 0.9999718070030212, 0.9998343586921692], [0.24323193728923798, 0.8990976214408875, 0.9964422583580017, 0.9999757409095764, 0.9999998807907104, 1.0, 1.0, 1.0, 0.9999998211860657, 0.999996542930603, 0.9999737739562988, 0.9999599456787109, 0.9999814629554749, 0.9999902248382568, 0.9999733567237854, 0.9998383522033691], [0.2432374805212021, 0.8991080522537231, 0.9964450597763062, 0.9999760389328003, 1.0, 1.0, 1.0, 1.0, 0.9999999403953552, 0.9999967217445374, 0.9999738335609436, 0.9999603033065796, 0.9999817609786987, 0.9999905228614807, 0.999973714351654, 0.9998385310173035], [0.24323619902133942, 0.8991027474403381, 0.996443510055542, 0.9999759197235107, 0.9999999403953552, 1.0, 1.0, 1.0, 0.9999998211860657, 0.9999967813491821, 0.9999741315841675, 0.9999604225158691, 0.9999818205833435, 0.9999904632568359, 0.9999738335609436, 0.9998388886451721], [0.2432277947664261, 0.8990197777748108, 0.9964219331741333, 0.9999737739562988, 0.9999996423721313, 0.9999998211860657, 0.9999999403953552, 0.9999998211860657, 1.0, 0.9999980330467224, 0.9999780058860779, 0.999965250492096, 0.9999849796295166, 0.9999922513961792, 0.9999769926071167, 0.9998478889465332], [0.243196040391922, 0.8987184762954712, 0.9963419437408447, 0.9999637007713318, 0.9999958872795105, 0.999996542930603, 0.9999967217445374, 0.9999967813491821, 0.9999980330467224, 1.0, 0.9999882578849792, 0.9999786019325256, 0.999992847442627, 0.9999955892562866, 0.9999854564666748, 0.9998753070831299], [0.24311494827270508, 0.8977809548377991, 0.9960922002792358, 0.9999209046363831, 0.999971866607666, 0.9999737739562988, 0.9999738335609436, 0.9999741315841675, 0.9999780058860779, 0.9999882578849792, 1.0, 0.9999983310699463, 0.9999971985816956, 0.9999862313270569, 0.9999920725822449, 0.9999344348907471], [0.24321697652339935, 0.8976585268974304, 0.9960418939590454, 0.9999037384986877, 0.9999575018882751, 0.9999599456787109, 0.9999603033065796, 0.9999604225158691, 0.999965250492096, 0.9999786019325256, 0.9999983310699463, 1.0, 0.9999945163726807, 0.9999796748161316, 0.9999902844429016, 0.9999487400054932], [0.24339210987091064, 0.898419201374054, 0.9962323904037476, 0.9999398589134216, 0.9999797940254211, 0.9999814629554749, 0.9999817609786987, 0.9999818205833435, 0.9999849796295166, 0.999992847442627, 0.9999971985816956, 0.9999945163726807, 1.0, 0.999994158744812, 0.9999943971633911, 0.9999185800552368], [0.24377121031284332, 0.8993456363677979, 0.9964469075202942, 0.9999662041664124, 0.9999890923500061, 0.9999902248382568, 0.9999905228614807, 0.9999904632568359, 0.9999922513961792, 0.9999955892562866, 0.9999862313270569, 0.9999796748161316, 0.999994158744812, 1.0, 0.9999904036521912, 0.9998792409896851], [0.24405544996261597, 0.8986005783081055, 0.9962273240089417, 0.9999312162399292, 0.9999718070030212, 0.9999733567237854, 0.999973714351654, 0.9999738335609436, 0.9999769926071167, 0.9999854564666748, 0.9999920725822449, 0.9999902844429016, 0.9999943971633911, 0.9999904036521912, 1.0, 0.9999287724494934], [0.24394981563091278, 0.8959208130836487, 0.9954153895378113, 0.9997369050979614, 0.9998343586921692, 0.9998383522033691, 0.9998385310173035, 0.9998388886451721, 0.9998478889465332, 0.9998753070831299, 0.9999344348907471, 0.9999487400054932, 0.9999185800552368, 0.9998792409896851, 0.9999287724494934, 1.0]], "cosine": [[1.0, 0.09584346413612366, 0.05056935176253319, 0.03164341300725937, 0.03322329372167587, 0.022020751610398293, 0.02822164259850979, 0.02535161003470421, 0.03270353376865387, 0.0138124143704772, 0.0440773069858551, 0.03553448244929314, 0.03963189199566841, 0.018480591475963593, 0.022106576710939407, 0.029105590656399727], [0.09584346413612366, 1.0, 0.18302024900913239, 0.18898268043994904, 0.09136879444122314, 0.1010749563574791, 0.10743486136198044, 0.05551193654537201, 0.10948366671800613, 0.08864559978246689, 0.13776610791683197, 0.10235203802585602, 0.17098116874694824, 0.12772278487682343, 0.1034337654709816, 0.11082687973976135], [0.05056935176253319, 0.18302024900913239, 1.0, 0.3105822801589966, 0.1897009015083313, 0.15292026102542877, 0.10580075532197952, 0.06371676176786423, 0.1431909054517746, 0.10841251909732819, 0.2581261098384857, 0.17476122081279755, 0.20068326592445374, 0.1884494125843048, 0.17109093070030212, 0.1208767294883728], [0.03164341300725937, 0.18898268043994904, 0.3105822801589966, 1.0, 0.18440449237823486, 0.14079278707504272, 0.10409073531627655, 0.07626164704561234, 0.14449656009674072, 0.10651960223913193, 0.21070453524589539, 0.13882386684417725, 0.1867341697216034, 0.18253885209560394, 0.1463475078344345, 0.1551666408777237], [0.03322329372167587, 0.09136879444122314, 0.1897009015083313, 0.18440449237823486, 1.0, 0.12600089609622955, 0.11226552724838257, 0.04449682682752609, 0.09974774718284607, 0.10935087502002716, 0.14977745711803436, 0.24006545543670654, 0.18248781561851501, 0.14148855209350586, 0.058243896812200546, 0.18970756232738495], [0.022020751610398293, 0.1010749563574791, 0.15292026102542877, 0.14079278707504272, 0.12600089609622955, 1.0, 0.11395277082920074, 0.0036035238299518824, 0.07692036777734756, 0.04855133593082428, 0.15653732419013977, 0.051015619188547134, 0.1821078360080719, 0.14084623754024506, 0.024988021701574326, 0.11664189398288727], [0.02822164259850979, 0.10743486136198044, 0.10580075532197952, 0.10409073531627655, 0.11226552724838257, 0.11395277082920074, 1.0, 0.0961870551109314, 0.10321531444787979, 0.08927630633115768, 0.10084991902112961, 0.18254002928733826, 0.10567045956850052, 0.1880917251110077, 0.08083581179380417, 0.1576990932226181], [0.02535161003470421, 0.05551193654537201, 0.06371676176786423, 0.07626164704561234, 0.04449682682752609, 0.0036035238299518824, 0.0961870551109314, 1.0, 0.13699211180210114, 0.05680423602461815, 0.025151599198579788, 0.09739949554204941, 0.0528099425137043, 0.08433043956756592, 0.18008726835250854, 0.06029868125915527], [0.03270353376865387, 0.10948366671800613, 0.1431909054517746, 0.14449656009674072, 0.09974774718284607, 0.07692036777734756, 0.10321531444787979, 0.13699211180210114, 1.0, 0.14527033269405365, 0.0939311757683754, 0.09628120064735413, 0.14492006599903107, 0.1484043002128601, 0.09085111320018768, 0.043278586119413376], [0.0138124143704772, 0.08864559978246689, 0.10841251909732819, 0.10651960223913193, 0.10935087502002716, 0.04855133593082428, 0.08927630633115768, 0.05680423602461815, 0.14527033269405365, 1.0, 0.11693952232599258, 0.07666684687137604, 0.1245049312710762, 0.10473214834928513, 0.07118552178144455, 0.11162236332893372], [0.0440773069858551, 0.13776610791683197, 0.2581261098384857, 0.21070453524589539, 0.14977745711803436, 0.15653732419013977, 0.10084991902112961, 0.025151599198579788, 0.0939311757683754, 0.11693952232599258, 1.0, 0.14614666998386383, 0.133463516831398, 0.15026405453681946, 0.16425910592079163, 0.1112571731209755], [0.03553448244929314, 0.10235203802585602, 0.17476122081279755, 0.13882386684417725, 0.24006545543670654, 0.051015619188547134, 0.18254002928733826, 0.09739949554204941, 0.09628120064735413, 0.07666684687137604, 0.14614666998386383, 1.0, 0.15543518960475922, 0.20705561339855194, 0.14877811074256897, 0.11902645975351334], [0.03963189199566841, 0.17098116874694824, 0.20068326592445374, 0.1867341697216034, 0.18248781561851501, 0.1821078360080719, 0.10567045956850052, 0.0528099425137043, 0.14492006599903107, 0.1245049312710762, 0.133463516831398, 0.15543518960475922, 1.0, 0.12834535539150238, 0.15200233459472656, 0.1998247504234314], [0.018480591475963593, 0.12772278487682343, 0.1884494125843048, 0.18253885209560394, 0.14148855209350586, 0.14084623754024506, 0.1880917251110077, 0.08433043956756592, 0.1484043002128601, 0.10473214834928513, 0.15026405453681946, 0.20705561339855194, 0.12834535539150238, 1.0, 0.1315617710351944, 0.0858781486749649], [0.022106576710939407, 0.1034337654709816, 0.17109093070030212, 0.1463475078344345, 0.058243896812200546, 0.024988021701574326, 0.08083581179380417, 0.18008726835250854, 0.09085111320018768, 0.07118552178144455, 0.16425910592079163, 0.14877811074256897, 0.15200233459472656, 0.1315617710351944, 1.0, 0.06498219072818756], [0.029105590656399727, 0.11082687973976135, 0.1208767294883728, 0.1551666408777237, 0.18970756232738495, 0.11664189398288727, 0.1576990932226181, 0.06029868125915527, 0.043278586119413376, 0.11162236332893372, 0.1112571731209755, 0.11902645975351334, 0.1998247504234314, 0.0858781486749649, 0.06498219072818756, 1.0]], "procrustes": [[1.0, 0.671746015548706, 0.3442362844944, 0.29187458753585815, 0.28410184383392334, 0.2826714813709259, 0.2823939919471741, 0.2824955880641937, 0.28288447856903076, 0.2840591371059418, 0.28753289580345154, 0.2901613116264343, 0.2926785945892334, 0.29498976469039917, 0.30332329869270325, 0.3189178705215454], [0.671746015548706, 1.0, 0.8746041059494019, 0.829287588596344, 0.8217377662658691, 0.8205165266990662, 0.8203034400939941, 0.8204124569892883, 0.8207351565361023, 0.8217014074325562, 0.8242439031600952, 0.826540470123291, 0.8289381265640259, 0.8312320709228516, 0.8369829058647156, 0.8454299569129944], [0.3442362844944, 0.8746041059494019, 1.0, 0.9952149391174316, 0.9935899972915649, 0.9933181405067444, 0.9932730793952942, 0.9932882189750671, 0.9933390021324158, 0.9934813380241394, 0.9937933683395386, 0.9940189719200134, 0.9943410754203796, 0.9945784211158752, 0.9948339462280273, 0.9947952032089233], [0.29187458753585815, 0.829287588596344, 0.9952149391174316, 1.0, 0.9998636245727539, 0.9998123049736023, 0.9998034834861755, 0.9998030066490173, 0.9998084306716919, 0.999809980392456, 0.9997371435165405, 0.999565839767456, 0.9994544386863708, 0.9992551803588867, 0.998501718044281, 0.9969915151596069], [0.28410184383392334, 0.8217377662658691, 0.9935899972915649, 0.9998636245727539, 1.0, 1.0000009536743164, 0.9999983906745911, 0.9999982118606567, 0.9999951720237732, 0.9999709725379944, 0.9998319745063782, 0.9995961785316467, 0.9994161128997803, 0.9991467595100403, 0.998224139213562, 0.9964965581893921], [0.2826714813709259, 0.8205165266990662, 0.9933181405067444, 0.9998123049736023, 1.0000009536743164, 1.0, 1.0000041723251343, 1.0000046491622925, 1.0000001192092896, 0.9999701976776123, 0.9998182058334351, 0.9995818734169006, 0.9993939399719238, 0.9991012811660767, 0.9981645345687866, 0.9963703751564026], [0.2823939919471741, 0.8203034400939941, 0.9932730793952942, 0.9998034834861755, 0.9999983906745911, 1.0000041723251343, 1.0, 1.0000046491622925, 1.000001072883606, 0.9999740123748779, 0.9998190999031067, 0.999579668045044, 0.9993891716003418, 0.9991068243980408, 0.9981536269187927, 0.9963437914848328], [0.2824955880641937, 0.8204124569892883, 0.9932882189750671, 0.9998030066490173, 0.9999982118606567, 1.0000046491622925, 1.0000046491622925, 1.0, 0.9999986290931702, 0.9999762177467346, 0.9998325705528259, 0.9996027946472168, 0.99940425157547, 0.9991057515144348, 0.9981807470321655, 0.9964051842689514], [0.28288447856903076, 0.8207351565361023, 0.9933390021324158, 0.9998084306716919, 0.9999951720237732, 1.0000001192092896, 1.000001072883606, 0.9999986290931702, 1.0, 0.9999910593032837, 0.9998703598976135, 0.9996533989906311, 0.9994769096374512, 0.9992154836654663, 0.998298704624176, 0.9965165853500366], [0.2840591371059418, 0.8217014074325562, 0.9934813380241394, 0.999809980392456, 0.9999709725379944, 0.9999701976776123, 0.9999740123748779, 0.9999762177467346, 0.9999910593032837, 1.0, 0.9999411702156067, 0.9997760653495789, 0.9996267557144165, 0.9993975758552551, 0.9985633492469788, 0.9968443512916565], [0.28753289580345154, 0.8242439031600952, 0.9937933683395386, 0.9997371435165405, 0.9998319745063782, 0.9998182058334351, 0.9998190999031067, 0.9998325705528259, 0.9998703598976135, 0.9999411702156067, 1.0, 0.9999536275863647, 0.9998664855957031, 0.9997037649154663, 0.9990721940994263, 0.9975792765617371], [0.2901613116264343, 0.826540470123291, 0.9940189719200134, 0.999565839767456, 0.9995961785316467, 0.9995818734169006, 0.999579668045044, 0.9996027946472168, 0.9996533989906311, 0.9997760653495789, 0.9999536275863647, 1.0, 0.9999832510948181, 0.9998945593833923, 0.9994359016418457, 0.9980517625808716], [0.2926785945892334, 0.8289381265640259, 0.9943410754203796, 0.9994544386863708, 0.9994161128997803, 0.9993939399719238, 0.9993891716003418, 0.99940425157547, 0.9994769096374512, 0.9996267557144165, 0.9998664855957031, 0.9999832510948181, 1.0, 0.9999722838401794, 0.9996346235275269, 0.9983670711517334], [0.29498976469039917, 0.8312320709228516, 0.9945784211158752, 0.9992551803588867, 0.9991467595100403, 0.9991012811660767, 0.9991068243980408, 0.9991057515144348, 0.9992154836654663, 0.9993975758552551, 0.9997037649154663, 0.9998945593833923, 0.9999722838401794, 1.0, 0.9998067021369934, 0.9986013770103455], [0.30332329869270325, 0.8369829058647156, 0.9948339462280273, 0.998501718044281, 0.998224139213562, 0.9981645345687866, 0.9981536269187927, 0.9981807470321655, 0.998298704624176, 0.9985633492469788, 0.9990721940994263, 0.9994359016418457, 0.9996346235275269, 0.9998067021369934, 1.0, 0.9993253946304321], [0.3189178705215454, 0.8454299569129944, 0.9947952032089233, 0.9969915151596069, 0.9964965581893921, 0.9963703751564026, 0.9963437914848328, 0.9964051842689514, 0.9965165853500366, 0.9968443512916565, 0.9975792765617371, 0.9980517625808716, 0.9983670711517334, 0.9986013770103455, 0.9993253946304321, 1.0]], "pc1_variance": [0.23586390912532806, 0.73150235414505, 0.9898712038993835, 0.9995853900909424, 0.9999772906303406, 0.9999927282333374, 0.9999933838844299, 0.999987006187439, 0.9999718070030212, 0.9998971223831177, 0.999567985534668, 0.999047577381134, 0.998616635799408, 0.9980219602584839, 0.9960492253303528, 0.9925309419631958], "probe_accuracy_per_layer": [0.940000057220459, 0.940000057220459, 0.9150000214576721, 0.8565000295639038, 0.8725000619888306, 0.830500066280365, 0.8810000419616699, 0.7705000638961792, 0.8510000109672546, 0.7815000414848328, 0.8950000405311584, 0.9020000696182251, 0.8950000405311584, 0.8970000147819519, 0.9000000357627869, 0.9030000567436218]}, "init": {"cka": [[1.0, 0.9290155172348022, 0.867607831954956, 0.8037259578704834, 0.7429379224777222, 0.6878520846366882, 0.6500641107559204, 0.6198481321334839, 0.5733445286750793, 0.5418878197669983, 0.5362297296524048, 0.4964461326599121, 0.4759611189365387, 0.45819514989852905, 0.4474727511405945, 0.42968758940696716], [0.9290155172348022, 1.0, 0.9272632002830505, 0.8635857701301575, 0.7994751334190369, 0.7357437014579773, 0.6965898275375366, 0.6646180748939514, 0.6245049238204956, 0.5987386107444763, 0.5958114862442017, 0.5577976107597351, 0.5334705710411072, 0.5097500681877136, 0.4927951395511627, 0.47250229120254517], [0.867607831954956, 0.9272632002830505, 1.0, 0.9289049506187439, 0.8562471866607666, 0.7942325472831726, 0.7541882395744324, 0.7144294381141663, 0.6701921224594116, 0.6412019729614258, 0.6321309804916382, 0.5929911732673645, 0.5704700946807861, 0.5478368401527405, 0.5320760011672974, 0.5145823955535889], [0.8037259578704834, 0.8635857701301575, 0.9289049506187439, 1.0, 0.9188074469566345, 0.8487459421157837, 0.8029554486274719, 0.7600997090339661, 0.7134647369384766, 0.6826400756835938, 0.6658387780189514, 0.6243063807487488, 0.5992865562438965, 0.5754718780517578, 0.5537258386611938, 0.534287691116333], [0.7429379224777222, 0.7994751334190369, 0.8562471866607666, 0.9188074469566345, 1.0, 0.9255068898200989, 0.8692214488983154, 0.8239414095878601, 0.7709094882011414, 0.738695502281189, 0.7198866009712219, 0.6771488189697266, 0.6470322012901306, 0.6215817928314209, 0.598526120185852, 0.5755713582038879], [0.6878520846366882, 0.7357437014579773, 0.7942325472831726, 0.8487459421157837, 0.9255068898200989, 1.0, 0.9417407512664795, 0.8875566124916077, 0.8328221440315247, 0.7973818778991699, 0.7753357291221619, 0.7304881811141968, 0.7019087672233582, 0.6781521439552307, 0.6580541729927063, 0.6324090957641602], [0.6500641107559204, 0.6965898275375366, 0.7541882395744324, 0.8029554486274719, 0.8692214488983154, 0.9417407512664795, 1.0, 0.938130795955658, 0.8794448971748352, 0.842664897441864, 0.8128803372383118, 0.7661055326461792, 0.7387822866439819, 0.7193207144737244, 0.698465883731842, 0.6748263239860535], [0.6198481321334839, 0.6646180748939514, 0.7144294381141663, 0.7600997090339661, 0.8239414095878601, 0.8875566124916077, 0.938130795955658, 1.0, 0.9454895257949829, 0.8939812183380127, 0.8628832697868347, 0.8223554491996765, 0.7906850576400757, 0.7634128928184509, 0.7347939014434814, 0.7089267373085022], [0.5733445286750793, 0.6245049238204956, 0.6701921224594116, 0.7134647369384766, 0.7709094882011414, 0.8328221440315247, 0.8794448971748352, 0.9454895257949829, 1.0, 0.952393651008606, 0.921560525894165, 0.8873546123504639, 0.8522979021072388, 0.8219251036643982, 0.7890171408653259, 0.761458158493042], [0.5418878197669983, 0.5987386107444763, 0.6412019729614258, 0.6826400756835938, 0.738695502281189, 0.7973818778991699, 0.842664897441864, 0.8939812183380127, 0.952393651008606, 1.0, 0.9639436602592468, 0.928379237651825, 0.899295449256897, 0.861676812171936, 0.8306845426559448, 0.8023015260696411], [0.5362297296524048, 0.5958114862442017, 0.6321309804916382, 0.6658387780189514, 0.7198866009712219, 0.7753357291221619, 0.8128803372383118, 0.8628832697868347, 0.921560525894165, 0.9639436602592468, 1.0, 0.9563328623771667, 0.9270026683807373, 0.8855704069137573, 0.8584528565406799, 0.8280183672904968], [0.4964461326599121, 0.5577976107597351, 0.5929911732673645, 0.6243063807487488, 0.6771488189697266, 0.7304881811141968, 0.7661055326461792, 0.8223554491996765, 0.8873546123504639, 0.928379237651825, 0.9563328623771667, 1.0, 0.9686846733093262, 0.9366236329078674, 0.9051671624183655, 0.8753530979156494], [0.4759611189365387, 0.5334705710411072, 0.5704700946807861, 0.5992865562438965, 0.6470322012901306, 0.7019087672233582, 0.7387822866439819, 0.7906850576400757, 0.8522979021072388, 0.899295449256897, 0.9270026683807373, 0.9686846733093262, 1.0, 0.9664360880851746, 0.9362428188323975, 0.909090518951416], [0.45819514989852905, 0.5097500681877136, 0.5478368401527405, 0.5754718780517578, 0.6215817928314209, 0.6781521439552307, 0.7193207144737244, 0.7634128928184509, 0.8219251036643982, 0.861676812171936, 0.8855704069137573, 0.9366236329078674, 0.9664360880851746, 1.0, 0.9715456962585449, 0.9414670467376709], [0.4474727511405945, 0.4927951395511627, 0.5320760011672974, 0.5537258386611938, 0.598526120185852, 0.6580541729927063, 0.698465883731842, 0.7347939014434814, 0.7890171408653259, 0.8306845426559448, 0.8584528565406799, 0.9051671624183655, 0.9362428188323975, 0.9715456962585449, 1.0, 0.9756112694740295], [0.42968758940696716, 0.47250229120254517, 0.5145823955535889, 0.534287691116333, 0.5755713582038879, 0.6324090957641602, 0.6748263239860535, 0.7089267373085022, 0.761458158493042, 0.8023015260696411, 0.8280183672904968, 0.8753530979156494, 0.909090518951416, 0.9414670467376709, 0.9756112694740295, 1.0]], "cosine": [[1.0, 0.021074118092656136, 0.01592397503554821, 0.009058783762156963, 0.008982148952782154, 0.0008538893307559192, -0.010229920968413353, 0.008084459230303764, -0.003132310463115573, -0.0023874358739703894, -0.003389914520084858, -0.006163382437080145, 0.004849249962717295, -0.0014506522566080093, 0.007478675805032253, -0.0035208144690841436], [0.021074118092656136, 1.0, 0.02291184663772583, 0.0264931321144104, 0.015377272851765156, 0.008713880553841591, 0.01508464477956295, 0.0006320240790955722, -0.010949278250336647, -0.010408450849354267, -0.00677065784111619, 0.012134281918406487, -0.00704672047868371, 0.003912472631782293, 0.01317659579217434, -0.008172609843313694], [0.01592397503554821, 0.02291184663772583, 1.0, 0.01687380112707615, 0.0032891426235437393, 0.003074482548981905, 0.01470730360597372, 0.00655229389667511, 0.00216462230309844, -0.004787667188793421, -0.003733654972165823, 0.00526450714096427, -0.0011072506895288825, 0.004726447630673647, -0.007930899038910866, 0.00622176518663764], [0.009058783762156963, 0.0264931321144104, 0.01687380112707615, 1.0, -0.00424701813608408, 0.00501415366306901, 0.007416615728288889, -0.004611849784851074, -0.011110394261777401, 0.0022308288607746363, 0.0036131045781075954, 0.006753051653504372, -0.0029160904232412577, -0.004586277063935995, -0.0034231788013130426, 0.0057355850003659725], [0.008982148952782154, 0.015377272851765156, 0.0032891426235437393, -0.00424701813608408, 1.0, -0.001359218149445951, 0.002164222300052643, 0.007650178391486406, 0.0058853100053966045, 0.0033218874596059322, 0.0023917697835713625, 0.0010310998186469078, -0.004831729456782341, 0.004547995049506426, 0.00515245134010911, -0.006171075161546469], [0.0008538893307559192, 0.008713880553841591, 0.003074482548981905, 0.00501415366306901, -0.001359218149445951, 1.0, -0.016893621534109116, 0.008052932098507881, -0.007191231474280357, -0.012862957082688808, 0.007808300666511059, -0.0005861849640496075, -0.007248296868056059, -0.0019882346969097853, -7.876169547671452e-06, 0.008603868074715137], [-0.010229920968413353, 0.01508464477956295, 0.01470730360597372, 0.007416615728288889, 0.002164222300052643, -0.016893621534109116, 1.0, 0.011627716943621635, 0.010629083029925823, -0.005951359868049622, -0.0033599429298192263, -0.005990462377667427, 0.005676906555891037, 0.0001848452811827883, -0.009417079389095306, 0.0011193780228495598], [0.008084459230303764, 0.0006320240790955722, 0.00655229389667511, -0.004611849784851074, 0.007650178391486406, 0.008052932098507881, 0.011627716943621635, 1.0, 0.013004961423575878, -0.0036289251875132322, -0.006825719960033894, 0.01661715656518936, 0.014307830482721329, -0.0015468558995053172, 0.0057092346251010895, 0.007470942568033934], [-0.003132310463115573, -0.010949278250336647, 0.00216462230309844, -0.011110394261777401, 0.0058853100053966045, -0.007191231474280357, 0.010629083029925823, 0.013004961423575878, 1.0, 0.009359719231724739, -0.014349550940096378, 0.010216698050498962, 0.0031630045268684626, -0.01858176477253437, -0.01734047196805477, 0.00859073270112276], [-0.0023874358739703894, -0.010408450849354267, -0.004787667188793421, 0.0022308288607746363, 0.0033218874596059322, -0.012862957082688808, -0.005951359868049622, -0.0036289251875132322, 0.009359719231724739, 1.0, 0.010042169131338596, -0.0170668326318264, -0.0031757161486893892, 0.001701489556580782, -0.010855229571461678, -0.010051701217889786], [-0.003389914520084858, -0.00677065784111619, -0.003733654972165823, 0.0036131045781075954, 0.0023917697835713625, 0.007808300666511059, -0.0033599429298192263, -0.006825719960033894, -0.014349550940096378, 0.010042169131338596, 1.0, -0.008627892471849918, 0.003837177064269781, -0.004349504131823778, -0.0019492610590532422, -0.002491273917257786], [-0.006163382437080145, 0.012134281918406487, 0.00526450714096427, 0.006753051653504372, 0.0010310998186469078, -0.0005861849640496075, -0.005990462377667427, 0.01661715656518936, 0.010216698050498962, -0.0170668326318264, -0.008627892471849918, 1.0, -0.012510157190263271, 0.002867327071726322, 0.0008277291781269014, 0.005931642837822437], [0.004849249962717295, -0.00704672047868371, -0.0011072506895288825, -0.0029160904232412577, -0.004831729456782341, -0.007248296868056059, 0.005676906555891037, 0.014307830482721329, 0.0031630045268684626, -0.0031757161486893892, 0.003837177064269781, -0.012510157190263271, 1.0, -0.0077450512908399105, 0.017000118270516396, -0.01920836605131626], [-0.0014506522566080093, 0.003912472631782293, 0.004726447630673647, -0.004586277063935995, 0.004547995049506426, -0.0019882346969097853, 0.0001848452811827883, -0.0015468558995053172, -0.01858176477253437, 0.001701489556580782, -0.004349504131823778, 0.002867327071726322, -0.0077450512908399105, 1.0, -0.007901336066424847, -0.017350265756249428], [0.007478675805032253, 0.01317659579217434, -0.007930899038910866, -0.0034231788013130426, 0.00515245134010911, -7.876169547671452e-06, -0.009417079389095306, 0.0057092346251010895, -0.01734047196805477, -0.010855229571461678, -0.0019492610590532422, 0.0008277291781269014, 0.017000118270516396, -0.007901336066424847, 1.0, 0.004094692412763834], [-0.0035208144690841436, -0.008172609843313694, 0.00622176518663764, 0.0057355850003659725, -0.006171075161546469, 0.008603868074715137, 0.0011193780228495598, 0.007470942568033934, 0.00859073270112276, -0.010051701217889786, -0.002491273917257786, 0.005931642837822437, -0.01920836605131626, -0.017350265756249428, 0.004094692412763834, 1.0]], "procrustes": [[1.0, 0.8948349952697754, 0.8249565958976746, 0.7726532220840454, 0.728869616985321, 0.6964490413665771, 0.672365128993988, 0.6509768962860107, 0.6286852955818176, 0.6110625863075256, 0.6014986038208008, 0.5869399309158325, 0.5741870999336243, 0.5652825832366943, 0.5566316843032837, 0.5477626919746399], [0.8948349952697754, 1.0, 0.8950601816177368, 0.8293561935424805, 0.7771968841552734, 0.7389897108078003, 0.7114297747612, 0.6874685883522034, 0.664446234703064, 0.6462610960006714, 0.6361269950866699, 0.6205589175224304, 0.6052713394165039, 0.5942211747169495, 0.5835786461830139, 0.5740306377410889], [0.8249565958976746, 0.8950601816177368, 1.0, 0.9065528512001038, 0.8410133719444275, 0.7971662878990173, 0.7650919556617737, 0.736493706703186, 0.7104395627975464, 0.689849317073822, 0.6770937442779541, 0.6590189933776855, 0.6422358155250549, 0.6301128268241882, 0.6180906295776367, 0.6081638336181641], [0.7726532220840454, 0.8293561935424805, 0.9065528512001038, 1.0, 0.912286639213562, 0.8599081039428711, 0.8225969672203064, 0.7903123497962952, 0.7610887885093689, 0.7378798723220825, 0.722141683101654, 0.7020960450172424, 0.682804524898529, 0.6692167520523071, 0.6547290086746216, 0.6435601115226746], [0.728869616985321, 0.7771968841552734, 0.8410133719444275, 0.912286639213562, 1.0, 0.9367294311523438, 0.8937389254570007, 0.8583773970603943, 0.8258607983589172, 0.8005903363227844, 0.7829490900039673, 0.7611023187637329, 0.7408384680747986, 0.7251853942871094, 0.7095327377319336, 0.696648895740509], [0.6964490413665771, 0.7389897108078003, 0.7971662878990173, 0.8599081039428711, 0.9367294311523438, 1.0, 0.9549805521965027, 0.9171968698501587, 0.8848680853843689, 0.858598530292511, 0.8393316864967346, 0.8162263035774231, 0.7953923344612122, 0.7786825895309448, 0.7630679607391357, 0.7489831447601318], [0.672365128993988, 0.7114297747612, 0.7650919556617737, 0.8225969672203064, 0.8937389254570007, 0.9549805521965027, 1.0, 0.9619616270065308, 0.9297206997871399, 0.9035778045654297, 0.8830050826072693, 0.8592299222946167, 0.8379862904548645, 0.8220955729484558, 0.8062011003494263, 0.7919116616249084], [0.6509768962860107, 0.6874685883522034, 0.736493706703186, 0.7903123497962952, 0.8583773970603943, 0.9171968698501587, 0.9619616270065308, 1.0, 0.9709010720252991, 0.9431825280189514, 0.9231221079826355, 0.9010388851165771, 0.8796944618225098, 0.862173855304718, 0.8455150723457336, 0.8309814929962158], [0.6286852955818176, 0.664446234703064, 0.7104395627975464, 0.7610887885093689, 0.8258607983589172, 0.8848680853843689, 0.9297206997871399, 0.9709010720252991, 1.0, 0.9743872880935669, 0.954937219619751, 0.9346770644187927, 0.9134581089019775, 0.8961734175682068, 0.8783926963806152, 0.8641250133514404], [0.6110625863075256, 0.6462610960006714, 0.689849317073822, 0.7378798723220825, 0.8005903363227844, 0.858598530292511, 0.9035778045654297, 0.9431825280189514, 0.9743872880935669, 1.0, 0.9801323413848877, 0.9603844285011292, 0.9408632516860962, 0.922565221786499, 0.905878484249115, 0.8909196853637695], [0.6014986038208008, 0.6361269950866699, 0.6770937442779541, 0.722141683101654, 0.7829490900039673, 0.8393316864967346, 0.8830050826072693, 0.9231221079826355, 0.954937219619751, 0.9801323413848877, 1.0, 0.9797061085700989, 0.9614648222923279, 0.943134069442749, 0.9285386800765991, 0.9130321145057678], [0.5869399309158325, 0.6205589175224304, 0.6590189933776855, 0.7020960450172424, 0.7611023187637329, 0.8162263035774231, 0.8592299222946167, 0.9010388851165771, 0.9346770644187927, 0.9603844285011292, 0.9797061085700989, 1.0, 0.9835103154182434, 0.9684301614761353, 0.9538101553916931, 0.9390992522239685], [0.5741870999336243, 0.6052713394165039, 0.6422358155250549, 0.682804524898529, 0.7408384680747986, 0.7953923344612122, 0.8379862904548645, 0.8796944618225098, 0.9134581089019775, 0.9408632516860962, 0.9614648222923279, 0.9835103154182434, 1.0, 0.9838585257530212, 0.9693684577941895, 0.9553468227386475], [0.5652825832366943, 0.5942211747169495, 0.6301128268241882, 0.6692167520523071, 0.7251853942871094, 0.7786825895309448, 0.8220955729484558, 0.862173855304718, 0.8961734175682068, 0.922565221786499, 0.943134069442749, 0.9684301614761353, 0.9838585257530212, 1.0, 0.9856815338134766, 0.9717925190925598], [0.5566316843032837, 0.5835786461830139, 0.6180906295776367, 0.6547290086746216, 0.7095327377319336, 0.7630679607391357, 0.8062011003494263, 0.8455150723457336, 0.8783926963806152, 0.905878484249115, 0.9285386800765991, 0.9538101553916931, 0.9693684577941895, 0.9856815338134766, 1.0, 0.9871792793273926], [0.5477626919746399, 0.5740306377410889, 0.6081638336181641, 0.6435601115226746, 0.696648895740509, 0.7489831447601318, 0.7919116616249084, 0.8309814929962158, 0.8641250133514404, 0.8909196853637695, 0.9130321145057678, 0.9390992522239685, 0.9553468227386475, 0.9717925190925598, 0.9871792793273926, 1.0]], "pc1_variance": [0.09341829270124435, 0.09762593358755112, 0.08336549997329712, 0.08559077978134155, 0.0823669508099556, 0.08828440308570862, 0.10014991462230682, 0.09913001209497452, 0.10913491994142532, 0.12288504093885422, 0.1351209431886673, 0.14515289664268494, 0.15836431086063385, 0.16813845932483673, 0.18080881237983704, 0.18950378894805908], "probe_accuracy_per_layer": null}, "cka_trained_vs_init_per_layer": [0.7256291508674622, 0.30858272314071655, 0.16799059510231018, 0.16170144081115723, 0.1621183156967163, 0.14798438549041748, 0.13184423744678497, 0.12678728997707367, 0.12137559056282043, 0.13978658616542816, 0.13666683435440063, 0.12033911794424057, 0.11223109811544418, 0.09643992781639099, 0.09316475689411163, 0.08638264238834381], "runtime_sec": 135.8551652431488}