{"config": {"input_dim": 784, "num_classes": 10, "depth": 8, "width": 512, "init_scale": 1.0, "nonlinearity": "relu"}, "dataset": "mnist", "seed": 2, "epochs": 8, "shuffle_labels": false, "test_accuracy": 0.99, "history": {"train_loss": [0.6345842036781675, 0.15132015100601365, 0.09155257655528642, 0.0620170973588602, 0.03776743305626057, 0.02029223287462304, 0.009655246594960218, 0.0057291631765418955], "val_acc": [0.9558, 0.978, 0.9812, 0.9884, 0.99, 0.9882, 0.9904, 0.99], "param_delta_ratio": 0.47988686330482266, "n_params": 2245642}, "trained": {"cka": [[1.0, 0.8216609954833984, 0.6757431626319885, 0.6281595826148987, 0.6018469333648682, 0.5898162722587585, 0.5861388444900513, 0.564305305480957], [0.8216609954833984, 1.0, 0.9430153965950012, 0.8923929929733276, 0.8596096038818359, 0.8457754254341125, 0.8420321345329285, 0.8289486765861511], [0.6757431626319885, 0.9430153965950012, 1.0, 0.9836182594299316, 0.9656778573989868, 0.9585578441619873, 0.9557220339775085, 0.9460662007331848], [0.6281595826148987, 0.8923929929733276, 0.9836182594299316, 1.0, 0.9949421286582947, 0.9907705783843994, 0.9851881265640259, 0.9679552912712097], [0.6018469333648682, 0.8596096038818359, 0.9656778573989868, 0.9949421286582947, 1.0, 0.99762362241745, 0.99188631772995, 0.973487913608551], [0.5898162722587585, 0.8457754254341125, 0.9585578441619873, 0.9907705783843994, 0.99762362241745, 1.0, 0.996123194694519, 0.981239378452301], [0.5861388444900513, 0.8420321345329285, 0.9557220339775085, 0.9851881265640259, 0.99188631772995, 0.996123194694519, 1.0, 0.990680456161499], [0.564305305480957, 0.8289486765861511, 0.9460662007331848, 0.9679552912712097, 0.973487913608551, 0.981239378452301, 0.990680456161499, 1.0]], "cosine": [[1.0, 0.03329800069332123, 0.0161609910428524, 0.007173591293394566, 0.035411328077316284, 0.008151895366609097, 0.033479731529951096, 0.01768640987575054], [0.03329800069332123, 1.0, 0.05364339426159859, 0.044499997049570084, 0.048003070056438446, 0.05625896528363228, 0.03907041624188423, 0.031494464725255966], [0.0161609910428524, 0.05364339426159859, 1.0, 0.05002228170633316, 0.0858168676495552, 0.06661053001880646, 0.04680708423256874, 0.04402706027030945], [0.007173591293394566, 0.044499997049570084, 0.05002228170633316, 1.0, 0.0963122695684433, 0.0626741349697113, 0.05078749358654022, 0.09357796609401703], [0.035411328077316284, 0.048003070056438446, 0.0858168676495552, 0.0963122695684433, 1.0, 0.07885673642158508, 0.06659077852964401, 0.06524068862199783], [0.008151895366609097, 0.05625896528363228, 0.06661053001880646, 0.0626741349697113, 0.07885673642158508, 1.0, 0.06930761784315109, 0.07589904963970184], [0.033479731529951096, 0.03907041624188423, 0.04680708423256874, 0.05078749358654022, 0.06659077852964401, 0.06930761784315109, 1.0, 0.08074578642845154], [0.01768640987575054, 0.031494464725255966, 0.04402706027030945, 0.09357796609401703, 0.06524068862199783, 0.07589904963970184, 0.08074578642845154, 1.0]], "procrustes": [[1.0, 0.8570610880851746, 0.6984127163887024, 0.6129819750785828, 0.5768361687660217, 0.5651413202285767, 0.5674706697463989, 0.5642246007919312], [0.8570610880851746, 1.0, 0.9111247658729553, 0.839051365852356, 0.8014139533042908, 0.7884511351585388, 0.7924145460128784, 0.7924995422363281], [0.6984127163887024, 0.9111247658729553, 1.0, 0.9774876832962036, 0.9564434885978699, 0.9482234716415405, 0.9514197707176208, 0.9508434534072876], [0.6129819750785828, 0.839051365852356, 0.9774876832962036, 1.0, 0.9941805005073547, 0.9902529120445251, 0.989671528339386, 0.9839650392532349], [0.5768361687660217, 0.8014139533042908, 0.9564434885978699, 0.9941805005073547, 1.0, 0.9983975291252136, 0.9956578016281128, 0.9874888062477112], [0.5651413202285767, 0.7884511351585388, 0.9482234716415405, 0.9902529120445251, 0.9983975291252136, 1.0, 0.997368574142456, 0.9896456599235535], [0.5674706697463989, 0.7924145460128784, 0.9514197707176208, 0.989671528339386, 0.9956578016281128, 0.997368574142456, 1.0, 0.9953157901763916], [0.5642246007919312, 0.7924995422363281, 0.9508434534072876, 0.9839650392532349, 0.9874888062477112, 0.9896456599235535, 0.9953157901763916, 1.0]], "pc1_variance": [0.10561367869377136, 0.15352842211723328, 0.24568341672420502, 0.2885320484638214, 0.3116283416748047, 0.3331359922885895, 0.3462667465209961, 0.37239909172058105], "probe_accuracy_per_layer": [0.9645000696182251, 0.9765000343322754, 0.9785000681877136, 0.9780000448226929, 0.9800000190734863, 0.9800000190734863, 0.9795000553131104, 0.9805000424385071]}, "init": {"cka": [[1.0, 0.9290155172348022, 0.867607831954956, 0.8037259578704834, 0.7429379224777222, 0.6878520846366882, 0.6500641107559204, 0.6198481321334839], [0.9290155172348022, 1.0, 0.9272632002830505, 0.8635857701301575, 0.7994751334190369, 0.7357437014579773, 0.6965898275375366, 0.6646180748939514], [0.867607831954956, 0.9272632002830505, 1.0, 0.9289049506187439, 0.8562471866607666, 0.7942325472831726, 0.7541882395744324, 0.7144294381141663], [0.8037259578704834, 0.8635857701301575, 0.9289049506187439, 1.0, 0.9188074469566345, 0.8487459421157837, 0.8029554486274719, 0.7600997090339661], [0.7429379224777222, 0.7994751334190369, 0.8562471866607666, 0.9188074469566345, 1.0, 0.9255068898200989, 0.8692214488983154, 0.8239414095878601], [0.6878520846366882, 0.7357437014579773, 0.7942325472831726, 0.8487459421157837, 0.9255068898200989, 1.0, 0.9417407512664795, 0.8875566124916077], [0.6500641107559204, 0.6965898275375366, 0.7541882395744324, 0.8029554486274719, 0.8692214488983154, 0.9417407512664795, 1.0, 0.938130795955658], [0.6198481321334839, 0.6646180748939514, 0.7144294381141663, 0.7600997090339661, 0.8239414095878601, 0.8875566124916077, 0.938130795955658, 1.0]], "cosine": [[1.0, 0.021074118092656136, 0.01592397503554821, 0.009058783762156963, 0.008982148952782154, 0.0008538893307559192, -0.010229920968413353, 0.008084459230303764], [0.021074118092656136, 1.0, 0.02291184663772583, 0.0264931321144104, 0.015377272851765156, 0.008713880553841591, 0.01508464477956295, 0.0006320240790955722], [0.01592397503554821, 0.02291184663772583, 1.0, 0.01687380112707615, 0.0032891426235437393, 0.003074482548981905, 0.01470730360597372, 0.00655229389667511], [0.009058783762156963, 0.0264931321144104, 0.01687380112707615, 1.0, -0.00424701813608408, 0.00501415366306901, 0.007416615728288889, -0.004611849784851074], [0.008982148952782154, 0.015377272851765156, 0.0032891426235437393, -0.00424701813608408, 1.0, -0.001359218149445951, 0.002164222300052643, 0.007650178391486406], [0.0008538893307559192, 0.008713880553841591, 0.003074482548981905, 0.00501415366306901, -0.001359218149445951, 1.0, -0.016893621534109116, 0.008052932098507881], [-0.010229920968413353, 0.01508464477956295, 0.01470730360597372, 0.007416615728288889, 0.002164222300052643, -0.016893621534109116, 1.0, 0.011627716943621635], [0.008084459230303764, 0.0006320240790955722, 0.00655229389667511, -0.004611849784851074, 0.007650178391486406, 0.008052932098507881, 0.011627716943621635, 1.0]], "procrustes": [[1.0, 0.8948349952697754, 0.8249565958976746, 0.7726532220840454, 0.728869616985321, 0.6964490413665771, 0.672365128993988, 0.6509768962860107], [0.8948349952697754, 1.0, 0.8950601816177368, 0.8293561935424805, 0.7771968841552734, 0.7389897108078003, 0.7114297747612, 0.6874685883522034], [0.8249565958976746, 0.8950601816177368, 1.0, 0.9065528512001038, 0.8410133719444275, 0.7971662878990173, 0.7650919556617737, 0.736493706703186], [0.7726532220840454, 0.8293561935424805, 0.9065528512001038, 1.0, 0.912286639213562, 0.8599081039428711, 0.8225969672203064, 0.7903123497962952], [0.728869616985321, 0.7771968841552734, 0.8410133719444275, 0.912286639213562, 1.0, 0.9367294311523438, 0.8937389254570007, 0.8583773970603943], [0.6964490413665771, 0.7389897108078003, 0.7971662878990173, 0.8599081039428711, 0.9367294311523438, 1.0, 0.9549805521965027, 0.9171968698501587], [0.672365128993988, 0.7114297747612, 0.7650919556617737, 0.8225969672203064, 0.8937389254570007, 0.9549805521965027, 1.0, 0.9619616270065308], [0.6509768962860107, 0.6874685883522034, 0.736493706703186, 0.7903123497962952, 0.8583773970603943, 0.9171968698501587, 0.9619616270065308, 1.0]], "pc1_variance": [0.09341829270124435, 0.09762593358755112, 0.08336549997329712, 0.08559077978134155, 0.0823669508099556, 0.08828440308570862, 0.10014991462230682, 0.09913001209497452], "probe_accuracy_per_layer": null}, "cka_trained_vs_init_per_layer": [0.768398642539978, 0.49663883447647095, 0.3565513789653778, 0.32032981514930725, 0.2865854501724243, 0.2580612897872925, 0.23526951670646667, 0.2303374856710434], "runtime_sec": 16.510271310806274}