{"config": {"input_dim": 784, "num_classes": 10, "depth": 8, "width": 512, "init_scale": 1.0, "nonlinearity": "relu"}, "dataset": "mnist", "seed": 1, "epochs": 8, "shuffle_labels": false, "test_accuracy": 0.9908, "history": {"train_loss": [0.6636000701810344, 0.13632871223203205, 0.08120641091806909, 0.0544036602980252, 0.032874335874250885, 0.018321247985468136, 0.009456682484103682, 0.005343703484513907], "val_acc": [0.9638, 0.9812, 0.9854, 0.9838, 0.9852, 0.989, 0.9902, 0.9908], "param_delta_ratio": 0.4681755731757465, "n_params": 2245642}, "trained": {"cka": [[1.0, 0.8278197050094604, 0.6786096692085266, 0.6299450993537903, 0.6117066740989685, 0.6120785474777222, 0.6112627983093262, 0.6120812892913818], [0.8278197050094604, 1.0, 0.9455695152282715, 0.8993236422538757, 0.874682605266571, 0.87111896276474, 0.8718821406364441, 0.8728504180908203], [0.6786096692085266, 0.9455695152282715, 1.0, 0.9844682812690735, 0.9680677652359009, 0.9644777178764343, 0.9641785621643066, 0.9617637991905212], [0.6299450993537903, 0.8993236422538757, 0.9844682812690735, 1.0, 0.9957970380783081, 0.9931170344352722, 0.9884738922119141, 0.9766852855682373], [0.6117066740989685, 0.874682605266571, 0.9680677652359009, 0.9957970380783081, 1.0, 0.9984254837036133, 0.9934095144271851, 0.9782808423042297], [0.6120785474777222, 0.87111896276474, 0.9644777178764343, 0.9931170344352722, 0.9984254837036133, 1.0, 0.9958869218826294, 0.9810270667076111], [0.6112627983093262, 0.8718821406364441, 0.9641785621643066, 0.9884738922119141, 0.9934095144271851, 0.9958869218826294, 1.0, 0.9907652139663696], [0.6120812892913818, 0.8728504180908203, 0.9617637991905212, 0.9766852855682373, 0.9782808423042297, 0.9810270667076111, 0.9907652139663696, 1.0]], "cosine": [[1.0, 0.016554348170757294, -0.0036810855381190777, 0.02412514016032219, 0.0038405517116189003, 0.008169383741915226, 0.037317581474781036, 0.018345791846513748], [0.016554348170757294, 1.0, 0.03961488604545593, 0.0205432940274477, 0.058789756149053574, 0.04805159196257591, 0.055500321090221405, 0.024036502465605736], [-0.0036810855381190777, 0.03961488604545593, 1.0, 0.07169713824987411, 0.09084303677082062, 0.09073121100664139, 0.04899074509739876, 0.06498496979475021], [0.02412514016032219, 0.0205432940274477, 0.07169713824987411, 1.0, 0.09493975341320038, 0.06782914698123932, 0.043413665145635605, 0.04977469518780708], [0.0038405517116189003, 0.058789756149053574, 0.09084303677082062, 0.09493975341320038, 1.0, 0.08626304566860199, 0.08036687225103378, 0.07025635987520218], [0.008169383741915226, 0.04805159196257591, 0.09073121100664139, 0.06782914698123932, 0.08626304566860199, 1.0, 0.08001253753900528, 0.07401545345783234], [0.037317581474781036, 0.055500321090221405, 0.04899074509739876, 0.043413665145635605, 0.08036687225103378, 0.08001253753900528, 1.0, 0.03532891720533371], [0.018345791846513748, 0.024036502465605736, 0.06498496979475021, 0.04977469518780708, 0.07025635987520218, 0.07401545345783234, 0.03532891720533371, 1.0]], "procrustes": [[1.0, 0.8546987175941467, 0.6933826804161072, 0.6065908670425415, 0.5736775994300842, 0.56388258934021, 0.5651382207870483, 0.5680392980575562], [0.8546987175941467, 1.0, 0.9154621958732605, 0.8468982577323914, 0.8146317005157471, 0.8042535185813904, 0.8063639402389526, 0.8092339038848877], [0.6933826804161072, 0.9154621958732605, 1.0, 0.9789162874221802, 0.9610043168067932, 0.9544521570205688, 0.9554258584976196, 0.9552836418151855], [0.6065908670425415, 0.8468982577323914, 0.9789162874221802, 1.0, 0.9951230883598328, 0.9920043349266052, 0.9906629323959351, 0.9858756065368652], [0.5736775994300842, 0.8146317005157471, 0.9610043168067932, 0.9951230883598328, 1.0, 0.9984515905380249, 0.9962900280952454, 0.9898794293403625], [0.56388258934021, 0.8042535185813904, 0.9544521570205688, 0.9920043349266052, 0.9984515905380249, 1.0, 0.9981216788291931, 0.9917262196540833], [0.5651382207870483, 0.8063639402389526, 0.9554258584976196, 0.9906629323959351, 0.9962900280952454, 0.9981216788291931, 1.0, 0.9960725903511047], [0.5680392980575562, 0.8092339038848877, 0.9552836418151855, 0.9858756065368652, 0.9898794293403625, 0.9917262196540833, 0.9960725903511047, 1.0]], "pc1_variance": [0.0933803841471672, 0.1603778600692749, 0.2518663704395294, 0.27307620644569397, 0.2808881103992462, 0.2737729847431183, 0.28765252232551575, 0.30152010917663574], "probe_accuracy_per_layer": [0.9595000743865967, 0.9745000600814819, 0.9760000705718994, 0.9790000319480896, 0.9765000343322754, 0.9775000214576721, 0.9775000214576721, 0.9770000576972961]}, "init": {"cka": [[1.0, 0.9356779456138611, 0.8627771735191345, 0.8085350394248962, 0.7584366202354431, 0.7243024110794067, 0.6848633885383606, 0.657275915145874], [0.9356779456138611, 1.0, 0.9268170595169067, 0.8699802756309509, 0.8185430765151978, 0.7812574505805969, 0.735770583152771, 0.7063520550727844], [0.8627771735191345, 0.9268170595169067, 1.0, 0.9376445412635803, 0.8871411681175232, 0.8368536233901978, 0.7889261245727539, 0.7614069581031799], [0.8085350394248962, 0.8699802756309509, 0.9376445412635803, 1.0, 0.9488503336906433, 0.8972805142402649, 0.8504986763000488, 0.8137784600257874], [0.7584366202354431, 0.8185430765151978, 0.8871411681175232, 0.9488503336906433, 1.0, 0.9460682272911072, 0.9036301970481873, 0.8665436506271362], [0.7243024110794067, 0.7812574505805969, 0.8368536233901978, 0.8972805142402649, 0.9460682272911072, 1.0, 0.9586119651794434, 0.9174916744232178], [0.6848633885383606, 0.735770583152771, 0.7889261245727539, 0.8504986763000488, 0.9036301970481873, 0.9586119651794434, 1.0, 0.957006573677063], [0.657275915145874, 0.7063520550727844, 0.7614069581031799, 0.8137784600257874, 0.8665436506271362, 0.9174916744232178, 0.957006573677063, 1.0]], "cosine": [[1.0, 0.018145592883229256, 0.03627808764576912, 0.0112722497433424, 0.016534030437469482, -0.005093996878713369, -0.0024155022110790014, 0.008400687016546726], [0.018145592883229256, 1.0, 0.0328684002161026, 0.03170471265912056, 0.01562965288758278, 0.009840978309512138, 0.005967147648334503, 0.007494563236832619], [0.03627808764576912, 0.0328684002161026, 1.0, 0.02528994157910347, 0.01416561659425497, 6.338352977763861e-05, -0.007118097506463528, -0.007841682061553001], [0.0112722497433424, 0.03170471265912056, 0.02528994157910347, 1.0, 0.030585482716560364, 0.0049668303690850735, -0.006828495766967535, 0.00807487964630127], [0.016534030437469482, 0.01562965288758278, 0.01416561659425497, 0.030585482716560364, 1.0, 0.014513403177261353, 0.012403486296534538, -0.008974949829280376], [-0.005093996878713369, 0.009840978309512138, 6.338352977763861e-05, 0.0049668303690850735, 0.014513403177261353, 1.0, 0.007838149555027485, -0.010209044441580772], [-0.0024155022110790014, 0.005967147648334503, -0.007118097506463528, -0.006828495766967535, 0.012403486296534538, 0.007838149555027485, 1.0, 0.011532026343047619], [0.008400687016546726, 0.007494563236832619, -0.007841682061553001, 0.00807487964630127, -0.008974949829280376, -0.010209044441580772, 0.011532026343047619, 1.0]], "procrustes": [[1.0, 0.8957108855247498, 0.8225317597389221, 0.7734171748161316, 0.7326568365097046, 0.7000846862792969, 0.6772514581680298, 0.6582928895950317], [0.8957108855247498, 1.0, 0.8927661180496216, 0.8289448618888855, 0.7796481847763062, 0.7424427270889282, 0.7150420546531677, 0.6929529309272766], [0.8225317597389221, 0.8927661180496216, 1.0, 0.9069129824638367, 0.8458839058876038, 0.8015194535255432, 0.7693132162094116, 0.7448695302009583], [0.7734171748161316, 0.8289448618888855, 0.9069129824638367, 1.0, 0.9201854467391968, 0.8696230053901672, 0.833664059638977, 0.8063123822212219], [0.7326568365097046, 0.7796481847763062, 0.8458839058876038, 0.9201854467391968, 1.0, 0.9398691654205322, 0.900173544883728, 0.8701304793357849], [0.7000846862792969, 0.7424427270889282, 0.8015194535255432, 0.8696230053901672, 0.9398691654205322, 1.0, 0.9584729075431824, 0.9276915192604065], [0.6772514581680298, 0.7150420546531677, 0.7693132162094116, 0.833664059638977, 0.900173544883728, 0.9584729075431824, 1.0, 0.9686935544013977], [0.6582928895950317, 0.6929529309272766, 0.7448695302009583, 0.8063123822212219, 0.8701304793357849, 0.9276915192604065, 0.9686935544013977, 1.0]], "pc1_variance": [0.09992839395999908, 0.09801755845546722, 0.11236061900854111, 0.13318975269794464, 0.13926105201244354, 0.13600602746009827, 0.14371013641357422, 0.13578256964683533], "probe_accuracy_per_layer": null}, "cka_trained_vs_init_per_layer": [0.7497026324272156, 0.47580426931381226, 0.3233506977558136, 0.2926154136657715, 0.2658493220806122, 0.2619711756706238, 0.2529551684856415, 0.23976385593414307], "runtime_sec": 15.27747631072998}