{"config": {"input_dim": 784, "num_classes": 10, "depth": 16, "width": 512, "init_scale": 1.0, "nonlinearity": "relu"}, "dataset": "mnist", "seed": 0, "epochs": 8, "shuffle_labels": false, "test_accuracy": 0.877, "history": {"train_loss": [2.077959780975924, 1.1202862909284688, 0.8477587507942975, 0.6005793812416368, 0.6072658429206428, 0.5213949791455673, 0.4496243530410831, 0.4371270353006104], "val_acc": [0.306, 0.7066, 0.7744, 0.8172, 0.824, 0.8694, 0.873, 0.877], "param_delta_ratio": 0.5808440156010067, "n_params": 4346890}, "trained": {"cka": [[1.0, 0.7777239084243774, 0.37551432847976685, 0.2237325757741928, 0.2172820270061493, 0.217695951461792, 0.2171015441417694, 0.21701687574386597, 0.21733218431472778, 0.21719594299793243, 0.2169244885444641, 0.21616964042186737, 0.21846356987953186, 0.21712267398834229, 0.21728917956352234, 0.21813111007213593], [0.7777239084243774, 1.0, 0.43261730670928955, 0.2171800285577774, 0.20772121846675873, 0.20843274891376495, 0.20813225209712982, 0.20808345079421997, 0.20837557315826416, 0.20827196538448334, 0.20803843438625336, 0.20721416175365448, 0.2085762321949005, 0.2064855396747589, 0.20714566111564636, 0.20581437647342682], [0.37551432847976685, 0.43261730670928955, 1.0, 0.9468910098075867, 0.9417157769203186, 0.9424615502357483, 0.9423820376396179, 0.9423590302467346, 0.9425274729728699, 0.942474365234375, 0.9423443675041199, 0.9417861104011536, 0.9423284530639648, 0.9395690560340881, 0.9393109679222107, 0.9353398680686951], [0.2237325757741928, 0.2171800285577774, 0.9468910098075867, 1.0, 0.9995977282524109, 0.9991902709007263, 0.9991593956947327, 0.9991446137428284, 0.9990388751029968, 0.9990654587745667, 0.9991494417190552, 0.999442994594574, 0.9994493126869202, 0.9995675683021545, 0.9995183944702148, 0.9986573457717896], [0.2172820270061493, 0.20772121846675873, 0.9417157769203186, 0.9995977282524109, 1.0, 0.9998831748962402, 0.9998682141304016, 0.9998617172241211, 0.9998109340667725, 0.9998239874839783, 0.9998632669448853, 0.9999679923057556, 0.9999667406082153, 0.9997124075889587, 0.9994973540306091, 0.9990682005882263], [0.217695951461792, 0.20843274891376495, 0.9424615502357483, 0.9991902709007263, 0.9998831748962402, 1.0, 0.9999970197677612, 0.9999959468841553, 0.999989926815033, 0.9999919533729553, 0.9999949932098389, 0.9999484419822693, 0.999955415725708, 0.9993470907211304, 0.9990196824073792, 0.9986870884895325], [0.2171015441417694, 0.20813225209712982, 0.9423820376396179, 0.9991593956947327, 0.9998682141304016, 0.9999970197677612, 1.0, 1.0, 0.9999944567680359, 0.9999967813491821, 0.9999996423721313, 0.9999489188194275, 0.999940037727356, 0.9993216395378113, 0.9990049600601196, 0.9986724257469177], [0.21701687574386597, 0.20808345079421997, 0.9423590302467346, 0.9991446137428284, 0.9998617172241211, 0.9999959468841553, 1.0, 1.0, 0.9999952912330627, 0.9999974966049194, 0.9999999403953552, 0.9999462366104126, 0.9999353885650635, 0.9993109703063965, 0.9989930987358093, 0.9986633658409119], [0.21733218431472778, 0.20837557315826416, 0.9425274729728699, 0.9990388751029968, 0.9998109340667725, 0.999989926815033, 0.9999944567680359, 0.9999952912330627, 1.0, 0.9999995827674866, 0.9999943971633911, 0.9999102354049683, 0.9999063611030579, 0.9992084503173828, 0.9988649487495422, 0.9985556602478027], [0.21719594299793243, 0.20827196538448334, 0.942474365234375, 0.9990654587745667, 0.9998239874839783, 0.9999919533729553, 0.9999967813491821, 0.9999974966049194, 0.9999995827674866, 1.0, 0.9999969005584717, 0.9999206066131592, 0.9999135136604309, 0.9992346167564392, 0.9988991022109985, 0.9985842108726501], [0.2169244885444641, 0.20803843438625336, 0.9423443675041199, 0.9991494417190552, 0.9998632669448853, 0.9999949932098389, 0.9999996423721313, 0.9999999403953552, 0.9999943971633911, 0.9999969005584717, 1.0, 0.9999486804008484, 0.999934732913971, 0.9993137121200562, 0.9990009665489197, 0.9986692667007446], [0.21616964042186737, 0.20721416175365448, 0.9417861104011536, 0.999442994594574, 0.9999679923057556, 0.9999484419822693, 0.9999489188194275, 0.9999462366104126, 0.9999102354049683, 0.9999206066131592, 0.9999486804008484, 1.0, 0.9999713897705078, 0.9995958209037781, 0.9993618726730347, 0.9989611506462097], [0.21846356987953186, 0.2085762321949005, 0.9423284530639648, 0.9994493126869202, 0.9999667406082153, 0.999955415725708, 0.999940037727356, 0.9999353885650635, 0.9999063611030579, 0.9999135136604309, 0.999934732913971, 0.9999713897705078, 1.0, 0.9996048808097839, 0.9993130564689636, 0.9989325404167175], [0.21712267398834229, 0.2064855396747589, 0.9395690560340881, 0.9995675683021545, 0.9997124075889587, 0.9993470907211304, 0.9993216395378113, 0.9993109703063965, 0.9992084503173828, 0.9992346167564392, 0.9993137121200562, 0.9995958209037781, 0.9996048808097839, 1.0, 0.9998582005500793, 0.9994605779647827], [0.21728917956352234, 0.20714566111564636, 0.9393109679222107, 0.9995183944702148, 0.9994973540306091, 0.9990196824073792, 0.9990049600601196, 0.9989930987358093, 0.9988649487495422, 0.9988991022109985, 0.9990009665489197, 0.9993618726730347, 0.9993130564689636, 0.9998582005500793, 1.0, 0.9996626377105713], [0.21813111007213593, 0.20581437647342682, 0.9353398680686951, 0.9986573457717896, 0.9990682005882263, 0.9986870884895325, 0.9986724257469177, 0.9986633658409119, 0.9985556602478027, 0.9985842108726501, 0.9986692667007446, 0.9989611506462097, 0.9989325404167175, 0.9994605779647827, 0.9996626377105713, 1.0]], "cosine": [[1.0, 0.062061477452516556, 0.08353924006223679, 0.030410289764404297, 0.031545549631118774, 0.03532801568508148, 0.04135262593626976, 0.035309482365846634, 0.014297913759946823, 0.029539793729782104, 0.012943253852427006, 0.030728746205568314, 0.03292528912425041, 0.015909863635897636, 0.028792431578040123, 0.014132055453956127], [0.062061477452516556, 1.0, 0.18015843629837036, 0.13814221322536469, 0.0997585654258728, 0.08558869361877441, 0.08037469536066055, 0.05723992735147476, 0.08772308379411697, 0.05786680802702904, 0.03312921151518822, 0.04649410769343376, 0.052981406450271606, 0.07091493904590607, 0.04465143382549286, 0.029333660379052162], [0.08353924006223679, 0.18015843629837036, 1.0, 0.23000510036945343, 0.24196451902389526, 0.21270722150802612, 0.17705833911895752, 0.170331209897995, 0.13164855539798737, 0.11536559462547302, 0.06874105334281921, 0.10384654253721237, 0.08678305149078369, 0.15360236167907715, 0.1446153074502945, 0.1463853269815445], [0.030410289764404297, 0.13814221322536469, 0.23000510036945343, 1.0, 0.24697045981884003, 0.24566015601158142, 0.207925483584404, 0.20000724494457245, 0.14936035871505737, 0.11405830085277557, 0.17798596620559692, 0.09539677202701569, 0.0720907598733902, 0.14724314212799072, 0.21993058919906616, 0.14610058069229126], [0.031545549631118774, 0.0997585654258728, 0.24196451902389526, 0.24697045981884003, 1.0, 0.23111708462238312, 0.2658601999282837, 0.14583705365657806, 0.1446400284767151, 0.08364206552505493, 0.10840341448783875, 0.16295252740383148, 0.11721282452344894, 0.188620924949646, 0.1787043660879135, 0.19889399409294128], [0.03532801568508148, 0.08558869361877441, 0.21270722150802612, 0.24566015601158142, 0.23111708462238312, 1.0, 0.2017568200826645, 0.23025797307491302, 0.1376441866159439, 0.11011692881584167, 0.127817764878273, 0.11879417300224304, 0.08073953539133072, 0.10188090801239014, 0.15189917385578156, 0.1268819272518158], [0.04135262593626976, 0.08037469536066055, 0.17705833911895752, 0.207925483584404, 0.2658601999282837, 0.2017568200826645, 1.0, 0.19609306752681732, 0.11703596264123917, 0.0699300765991211, 0.11718481034040451, 0.04616861417889595, 0.10419152677059174, 0.15556855499744415, 0.16473506391048431, 0.08660629391670227], [0.035309482365846634, 0.05723992735147476, 0.170331209897995, 0.20000724494457245, 0.14583705365657806, 0.23025797307491302, 0.19609306752681732, 1.0, 0.03618084639310837, 0.08998836576938629, 0.17826101183891296, 0.05766523256897926, 0.12076733261346817, 0.19822143018245697, 0.061581578105688095, 0.17650990188121796], [0.014297913759946823, 0.08772308379411697, 0.13164855539798737, 0.14936035871505737, 0.1446400284767151, 0.1376441866159439, 0.11703596264123917, 0.03618084639310837, 1.0, 0.14730876684188843, 0.019961465150117874, 0.04675210639834404, 0.042150791734457016, 0.2152438461780548, 0.10455655306577682, 0.16303794085979462], [0.029539793729782104, 0.05786680802702904, 0.11536559462547302, 0.11405830085277557, 0.08364206552505493, 0.11011692881584167, 0.0699300765991211, 0.08998836576938629, 0.14730876684188843, 1.0, 0.09116064757108688, 0.10164705663919449, 0.04166113957762718, 0.13672268390655518, 0.1304594874382019, 0.1771622747182846], [0.012943253852427006, 0.03312921151518822, 0.06874105334281921, 0.17798596620559692, 0.10840341448783875, 0.127817764878273, 0.11718481034040451, 0.17826101183891296, 0.019961465150117874, 0.09116064757108688, 1.0, 0.0012591140111908317, 0.0703994631767273, 0.13047640025615692, 0.08455163240432739, 0.07365231961011887], [0.030728746205568314, 0.04649410769343376, 0.10384654253721237, 0.09539677202701569, 0.16295252740383148, 0.11879417300224304, 0.04616861417889595, 0.05766523256897926, 0.04675210639834404, 0.10164705663919449, 0.0012591140111908317, 1.0, 0.029763488098978996, 0.030455105006694794, 0.08953648805618286, 0.14125031232833862], [0.03292528912425041, 0.052981406450271606, 0.08678305149078369, 0.0720907598733902, 0.11721282452344894, 0.08073953539133072, 0.10419152677059174, 0.12076733261346817, 0.042150791734457016, 0.04166113957762718, 0.0703994631767273, 0.029763488098978996, 1.0, 0.14461997151374817, 0.11066227406263351, 0.04532230272889137], [0.015909863635897636, 0.07091493904590607, 0.15360236167907715, 0.14724314212799072, 0.188620924949646, 0.10188090801239014, 0.15556855499744415, 0.19822143018245697, 0.2152438461780548, 0.13672268390655518, 0.13047640025615692, 0.030455105006694794, 0.14461997151374817, 1.0, 0.1353929340839386, 0.06920842081308365], [0.028792431578040123, 0.04465143382549286, 0.1446153074502945, 0.21993058919906616, 0.1787043660879135, 0.15189917385578156, 0.16473506391048431, 0.061581578105688095, 0.10455655306577682, 0.1304594874382019, 0.08455163240432739, 0.08953648805618286, 0.11066227406263351, 0.1353929340839386, 1.0, 0.119215227663517], [0.014132055453956127, 0.029333660379052162, 0.1463853269815445, 0.14610058069229126, 0.19889399409294128, 0.1268819272518158, 0.08660629391670227, 0.17650990188121796, 0.16303794085979462, 0.1771622747182846, 0.07365231961011887, 0.14125031232833862, 0.04532230272889137, 0.06920842081308365, 0.119215227663517, 1.0]], "procrustes": [[1.0, 0.8094989657402039, 0.5412687659263611, 0.3370181918144226, 0.2921493351459503, 0.2788219749927521, 0.27063649892807007, 0.26836463809013367, 0.2666814923286438, 0.26529473066329956, 0.2665523290634155, 0.27492401003837585, 0.2930699288845062, 0.3101155757904053, 0.31998616456985474, 0.3398466110229492], [0.8094989657402039, 1.0, 0.7287634611129761, 0.456625372171402, 0.39592573046684265, 0.3803832232952118, 0.37155377864837646, 0.36910778284072876, 0.3673873245716095, 0.3659200668334961, 0.36718592047691345, 0.37570229172706604, 0.3944750428199768, 0.4120411276817322, 0.42154645919799805, 0.4379847049713135], [0.5412687659263611, 0.7287634611129761, 1.0, 0.9299992322921753, 0.8998264670372009, 0.8900353908538818, 0.8836408853530884, 0.8817561268806458, 0.8802818059921265, 0.8791114091873169, 0.8801963329315186, 0.8870428204536438, 0.8984841704368591, 0.904090404510498, 0.9037929177284241, 0.9039134383201599], [0.3370181918144226, 0.456625372171402, 0.9299992322921753, 1.0, 0.9964120388031006, 0.9933673739433289, 0.9908462166786194, 0.9900130033493042, 0.9892492294311523, 0.9887046813964844, 0.9892802834510803, 0.9924790263175964, 0.9956126809120178, 0.9942581653594971, 0.9901958703994751, 0.9834295511245728], [0.2921493351459503, 0.39592573046684265, 0.8998264670372009, 0.9964120388031006, 1.0, 0.9993574619293213, 0.9981289505958557, 0.9976544380187988, 0.9971991777420044, 0.9968519806861877, 0.9972031116485596, 0.9989661574363708, 0.9996411800384521, 0.9962518811225891, 0.9917720556259155, 0.983882486820221], [0.2788219749927521, 0.3803832232952118, 0.8900353908538818, 0.9933673739433289, 0.9993574619293213, 1.0, 0.9996667504310608, 0.9994409084320068, 0.9992111921310425, 0.9990123510360718, 0.9991990923881531, 0.9999169111251831, 0.9989784359931946, 0.9947681427001953, 0.9906158447265625, 0.9827825427055359], [0.27063649892807007, 0.37155377864837646, 0.8836408853530884, 0.9908462166786194, 0.9981289505958557, 0.9996667504310608, 1.0, 0.9999829530715942, 0.9999154806137085, 0.9998394846916199, 0.9999111294746399, 0.999846339225769, 0.99763023853302, 0.993027925491333, 0.9893220663070679, 0.9816982746124268], [0.26836463809013367, 0.36910778284072876, 0.8817561268806458, 0.9900130033493042, 0.9976544380187988, 0.9994409084320068, 0.9999829530715942, 1.0, 0.9999894499778748, 0.9999496340751648, 0.9999863505363464, 0.9997034072875977, 0.997126579284668, 0.9924134016036987, 0.9888396859169006, 0.9812869429588318], [0.2666814923286438, 0.3673873245716095, 0.8802818059921265, 0.9892492294311523, 0.9971991777420044, 0.9992111921310425, 0.9999154806137085, 0.9999894499778748, 1.0, 0.9999943971633911, 1.000001072883606, 0.9995211362838745, 0.9966316223144531, 0.9917399883270264, 0.9882444739341736, 0.9807551503181458], [0.26529473066329956, 0.3659200668334961, 0.8791114091873169, 0.9887046813964844, 0.9968519806861877, 0.9990123510360718, 0.9998394846916199, 0.9999496340751648, 0.9999943971633911, 1.0, 0.9999959468841553, 0.9993736147880554, 0.9962512850761414, 0.9912999868392944, 0.9878539443016052, 0.9804373979568481], [0.2665523290634155, 0.36718592047691345, 0.8801963329315186, 0.9892802834510803, 0.9972031116485596, 0.9991990923881531, 0.9999111294746399, 0.9999863505363464, 1.000001072883606, 0.9999959468841553, 1.0, 0.999533474445343, 0.9966384768486023, 0.9918239712715149, 0.9883870482444763, 0.9809279441833496], [0.27492401003837585, 0.37570229172706604, 0.8870428204536438, 0.9924790263175964, 0.9989661574363708, 0.9999169111251831, 0.999846339225769, 0.9997034072875977, 0.9995211362838745, 0.9993736147880554, 0.999533474445343, 1.0, 0.9986180663108826, 0.9945475459098816, 0.9908038973808289, 0.9831907153129578], [0.2930699288845062, 0.3944750428199768, 0.8984841704368591, 0.9956126809120178, 0.9996411800384521, 0.9989784359931946, 0.99763023853302, 0.997126579284668, 0.9966316223144531, 0.9962512850761414, 0.9966384768486023, 0.9986180663108826, 1.0, 0.9978390336036682, 0.9940454959869385, 0.9866665601730347], [0.3101155757904053, 0.4120411276817322, 0.904090404510498, 0.9942581653594971, 0.9962518811225891, 0.9947681427001953, 0.993027925491333, 0.9924134016036987, 0.9917399883270264, 0.9912999868392944, 0.9918239712715149, 0.9945475459098816, 0.9978390336036682, 1.0, 0.9984763860702515, 0.9932274222373962], [0.31998616456985474, 0.42154645919799805, 0.9037929177284241, 0.9901958703994751, 0.9917720556259155, 0.9906158447265625, 0.9893220663070679, 0.9888396859169006, 0.9882444739341736, 0.9878539443016052, 0.9883870482444763, 0.9908038973808289, 0.9940454959869385, 0.9984763860702515, 1.0, 0.9978678822517395], [0.3398466110229492, 0.4379847049713135, 0.9039134383201599, 0.9834295511245728, 0.983882486820221, 0.9827825427055359, 0.9816982746124268, 0.9812869429588318, 0.9807551503181458, 0.9804373979568481, 0.9809279441833496, 0.9831907153129578, 0.9866665601730347, 0.9932274222373962, 0.9978678822517395, 1.0]], "pc1_variance": [0.23963463306427002, 0.6082760691642761, 0.8050759434700012, 0.9753177762031555, 0.9919165372848511, 0.9968329071998596, 0.9990970492362976, 0.9994857311248779, 0.9997294545173645, 0.999862015247345, 0.9997352957725525, 0.9978615045547485, 0.9904173612594604, 0.9806779623031616, 0.9744495749473572, 0.9599041938781738], "probe_accuracy_per_layer": [0.924500048160553, 0.9235000610351562, 0.9030000567436218, 0.8755000233650208, 0.8490000367164612, 0.7675000429153442, 0.6825000047683716, 0.7890000343322754, 0.7760000228881836, 0.8385000228881836, 0.737500011920929, 0.8415000438690186, 0.8480000495910645, 0.8495000600814819, 0.8530000448226929, 0.8230000138282776]}, "init": {"cka": [[1.0, 0.9293965101242065, 0.8648005723953247, 0.8097071051597595, 0.7691325545310974, 0.7322583198547363, 0.7025563716888428, 0.6738314628601074, 0.6363146305084229, 0.6352662444114685, 0.6170932054519653, 0.5803946256637573, 0.5420910120010376, 0.5296693444252014, 0.5090930461883545, 0.47632473707199097], [0.9293965101242065, 1.0, 0.9360043406486511, 0.8800478577613831, 0.8346141576766968, 0.7915717363357544, 0.7539119124412537, 0.7214708924293518, 0.6762047410011292, 0.6798890829086304, 0.6633390784263611, 0.6273121237754822, 0.5837740302085876, 0.5696232318878174, 0.5428590178489685, 0.5059552192687988], [0.8648005723953247, 0.9360043406486511, 1.0, 0.9394969344139099, 0.8897777199745178, 0.8412962555885315, 0.7958338856697083, 0.7555562257766724, 0.7076336741447449, 0.7122227549552917, 0.693444550037384, 0.6598743200302124, 0.6137106418609619, 0.6028590202331543, 0.5749879479408264, 0.534227728843689], [0.8097071051597595, 0.8800478577613831, 0.9394969344139099, 1.0, 0.9440006613731384, 0.8915590643882751, 0.847442626953125, 0.7993689179420471, 0.7550229430198669, 0.7610292434692383, 0.7396000623703003, 0.7051942348480225, 0.6576657891273499, 0.6512090563774109, 0.6244478225708008, 0.5864889025688171], [0.7691325545310974, 0.8346141576766968, 0.8897777199745178, 0.9440006613731384, 1.0, 0.9425145983695984, 0.8958284258842468, 0.8458589911460876, 0.802062451839447, 0.8017626404762268, 0.7744180560112, 0.7388736605644226, 0.6930543780326843, 0.6894640326499939, 0.6586903929710388, 0.6243566870689392], [0.7322583198547363, 0.7915717363357544, 0.8412962555885315, 0.8915590643882751, 0.9425145983695984, 1.0, 0.9445430636405945, 0.8932470083236694, 0.8474302291870117, 0.8424707055091858, 0.814158022403717, 0.7758159637451172, 0.7339563965797424, 0.7238185405731201, 0.695509135723114, 0.6629100441932678], [0.7025563716888428, 0.7539119124412537, 0.7958338856697083, 0.847442626953125, 0.8958284258842468, 0.9445430636405945, 1.0, 0.9497778415679932, 0.9011829495429993, 0.8858261108398438, 0.8561440110206604, 0.8200880289077759, 0.776889979839325, 0.765012800693512, 0.7355852723121643, 0.6980226635932922], [0.6738314628601074, 0.7214708924293518, 0.7555562257766724, 0.7993689179420471, 0.8458589911460876, 0.8932470083236694, 0.9497778415679932, 1.0, 0.9478762745857239, 0.9194546341896057, 0.8834036588668823, 0.8501514792442322, 0.8035675883293152, 0.7849764227867126, 0.7541232109069824, 0.7140885591506958], [0.6363146305084229, 0.6762047410011292, 0.7076336741447449, 0.7550229430198669, 0.802062451839447, 0.8474302291870117, 0.9011829495429993, 0.9478762745857239, 1.0, 0.9574095010757446, 0.9239119291305542, 0.8895549774169922, 0.8416873216629028, 0.8195149302482605, 0.7914183139801025, 0.7582752108573914], [0.6352662444114685, 0.6798890829086304, 0.7122227549552917, 0.7610292434692383, 0.8017626404762268, 0.8424707055091858, 0.8858261108398438, 0.9194546341896057, 0.9574095010757446, 1.0, 0.964562177658081, 0.92619788646698, 0.8787708878517151, 0.8575041890144348, 0.8308082818984985, 0.7980250716209412], [0.6170932054519653, 0.6633390784263611, 0.693444550037384, 0.7396000623703003, 0.7744180560112, 0.814158022403717, 0.8561440110206604, 0.8834036588668823, 0.9239119291305542, 0.964562177658081, 1.0, 0.9557417035102844, 0.9142083525657654, 0.8893362283706665, 0.8609567284584045, 0.8295002579689026], [0.5803946256637573, 0.6273121237754822, 0.6598743200302124, 0.7051942348480225, 0.7388736605644226, 0.7758159637451172, 0.8200880289077759, 0.8501514792442322, 0.8895549774169922, 0.92619788646698, 0.9557417035102844, 1.0, 0.962062418460846, 0.9353392720222473, 0.8999055624008179, 0.8556665182113647], [0.5420910120010376, 0.5837740302085876, 0.6137106418609619, 0.6576657891273499, 0.6930543780326843, 0.7339563965797424, 0.776889979839325, 0.8035675883293152, 0.8416873216629028, 0.8787708878517151, 0.9142083525657654, 0.962062418460846, 1.0, 0.9649888873100281, 0.935530960559845, 0.8934937715530396], [0.5296693444252014, 0.5696232318878174, 0.6028590202331543, 0.6512090563774109, 0.6894640326499939, 0.7238185405731201, 0.765012800693512, 0.7849764227867126, 0.8195149302482605, 0.8575041890144348, 0.8893362283706665, 0.9353392720222473, 0.9649888873100281, 1.0, 0.9721076488494873, 0.9362626671791077], [0.5090930461883545, 0.5428590178489685, 0.5749879479408264, 0.6244478225708008, 0.6586903929710388, 0.695509135723114, 0.7355852723121643, 0.7541232109069824, 0.7914183139801025, 0.8308082818984985, 0.8609567284584045, 0.8999055624008179, 0.935530960559845, 0.9721076488494873, 1.0, 0.9673073291778564], [0.47632473707199097, 0.5059552192687988, 0.534227728843689, 0.5864889025688171, 0.6243566870689392, 0.6629100441932678, 0.6980226635932922, 0.7140885591506958, 0.7582752108573914, 0.7980250716209412, 0.8295002579689026, 0.8556665182113647, 0.8934937715530396, 0.9362626671791077, 0.9673073291778564, 1.0]], "cosine": [[1.0, 0.020613012835383415, 0.013229119591414928, 0.03094593435525894, -0.0017887384165078402, -0.001922082039527595, 0.0008226032950915396, -0.006801212206482887, -0.013163555413484573, 0.006533360108733177, -0.009336528368294239, -0.002122599631547928, 0.0028659114614129066, -0.017205381765961647, 0.005664796568453312, 0.008127398788928986], [0.020613012835383415, 1.0, 0.014503090642392635, 0.015961062163114548, 0.012963611632585526, -0.005508958362042904, 0.00024304157705046237, -0.01087383832782507, -0.009758619591593742, -0.0031690215691924095, -0.010961201973259449, 0.003393836785107851, 0.0009537850855849683, -0.005598769057542086, -0.0015249400166794658, -0.011507725343108177], [0.013229119591414928, 0.014503090642392635, 1.0, 0.03146006539463997, 0.0031094024889171124, 0.0008365327375940979, -0.007351926993578672, -0.013209119439125061, 0.015587938949465752, -0.0038868682458996773, -0.01169461291283369, 0.0004777076537720859, -0.006694869138300419, 0.00436959695070982, -0.009347030892968178, -0.01507570780813694], [0.03094593435525894, 0.015961062163114548, 0.03146006539463997, 1.0, 0.026342077180743217, 0.0030349153093993664, 0.0016682443674653769, -0.00861434917896986, 0.005309339612722397, 0.023893529549241066, -0.013782155700027943, -0.006685670465230942, -0.0012336975196376443, -0.008776580914855003, -0.008321654982864857, -0.005816472694277763], [-0.0017887384165078402, 0.012963611632585526, 0.0031094024889171124, 0.026342077180743217, 1.0, 0.004412984941154718, -0.011834989301860332, -0.002628734102472663, 0.0014143175212666392, -0.013278555124998093, 0.0004591342876665294, 0.004627261310815811, -0.0023512549232691526, -0.012285798788070679, 0.0014488539891317487, 0.004381211940199137], [-0.001922082039527595, -0.005508958362042904, 0.0008365327375940979, 0.0030349153093993664, 0.004412984941154718, 1.0, -0.010466688312590122, 0.006089347880333662, 0.010658135637640953, 0.01183770690113306, -0.002619772683829069, 0.01718413271009922, 0.006162651348859072, -0.014871853403747082, 0.00016430272080469877, -0.0011433168547227979], [0.0008226032950915396, 0.00024304157705046237, -0.007351926993578672, 0.0016682443674653769, -0.011834989301860332, -0.010466688312590122, 1.0, -0.013406386598944664, 0.007965464144945145, -0.010639560408890247, 0.002800511894747615, 0.00259675201959908, -0.0026133519131690264, -0.00915252510458231, -0.002542248461395502, 0.0028821853920817375], [-0.006801212206482887, -0.01087383832782507, -0.013209119439125061, -0.00861434917896986, -0.002628734102472663, 0.006089347880333662, -0.013406386598944664, 1.0, 0.0011158814886584878, -0.013660983182489872, 0.00424444954842329, -0.0021760370582342148, 0.004284300841391087, -0.016205178573727608, 0.006752136163413525, 0.002100866287946701], [-0.013163555413484573, -0.009758619591593742, 0.015587938949465752, 0.005309339612722397, 0.0014143175212666392, 0.010658135637640953, 0.007965464144945145, 0.0011158814886584878, 1.0, -0.0009817196987569332, 0.0001982470857910812, -0.005473141558468342, 0.011072053574025631, -0.011566944420337677, -0.008211751468479633, 2.2499036276713014e-05], [0.006533360108733177, -0.0031690215691924095, -0.0038868682458996773, 0.023893529549241066, -0.013278555124998093, 0.01183770690113306, -0.010639560408890247, -0.013660983182489872, -0.0009817196987569332, 1.0, 0.0013179973466321826, 0.012705858796834946, -0.01145130954682827, -0.010430663824081421, -0.0219133198261261, -0.001371734426356852], [-0.009336528368294239, -0.010961201973259449, -0.01169461291283369, -0.013782155700027943, 0.0004591342876665294, -0.002619772683829069, 0.002800511894747615, 0.00424444954842329, 0.0001982470857910812, 0.0013179973466321826, 1.0, 0.0028094500303268433, -0.005172620061784983, -0.007231093477457762, -0.0006975773139856756, -0.0014035723870620131], [-0.002122599631547928, 0.003393836785107851, 0.0004777076537720859, -0.006685670465230942, 0.004627261310815811, 0.01718413271009922, 0.00259675201959908, -0.0021760370582342148, -0.005473141558468342, 0.012705858796834946, 0.0028094500303268433, 1.0, 0.0002007018483709544, -0.003417360596358776, 0.008671993389725685, 0.005561440251767635], [0.0028659114614129066, 0.0009537850855849683, -0.006694869138300419, -0.0012336975196376443, -0.0023512549232691526, 0.006162651348859072, -0.0026133519131690264, 0.004284300841391087, 0.011072053574025631, -0.01145130954682827, -0.005172620061784983, 0.0002007018483709544, 1.0, 0.00924166664481163, -0.012617385946214199, 0.017607342451810837], [-0.017205381765961647, -0.005598769057542086, 0.00436959695070982, -0.008776580914855003, -0.012285798788070679, -0.014871853403747082, -0.00915252510458231, -0.016205178573727608, -0.011566944420337677, -0.010430663824081421, -0.007231093477457762, -0.003417360596358776, 0.00924166664481163, 1.0, 0.0004175278590992093, -0.008824030868709087], [0.005664796568453312, -0.0015249400166794658, -0.009347030892968178, -0.008321654982864857, 0.0014488539891317487, 0.00016430272080469877, -0.002542248461395502, 0.006752136163413525, -0.008211751468479633, -0.0219133198261261, -0.0006975773139856756, 0.008671993389725685, -0.012617385946214199, 0.0004175278590992093, 1.0, 0.003265500534325838], [0.008127398788928986, -0.011507725343108177, -0.01507570780813694, -0.005816472694277763, 0.004381211940199137, -0.0011433168547227979, 0.0028821853920817375, 0.002100866287946701, 2.2499036276713014e-05, -0.001371734426356852, -0.0014035723870620131, 0.005561440251767635, 0.017607342451810837, -0.008824030868709087, 0.003265500534325838, 1.0]], "procrustes": [[1.0, 0.8921307921409607, 0.824192225933075, 0.7731269598007202, 0.7377142310142517, 0.7078148126602173, 0.6853933930397034, 0.6668592691421509, 0.6495903730392456, 0.6374194025993347, 0.6261230111122131, 0.6104682683944702, 0.594189465045929, 0.5840374827384949, 0.5731406807899475, 0.5603669285774231], [0.8921307921409607, 1.0, 0.8968651294708252, 0.8300692439079285, 0.7873963117599487, 0.7515629529953003, 0.7247313857078552, 0.7032884955406189, 0.682891309261322, 0.6697676181793213, 0.6567080020904541, 0.6393041610717773, 0.6216132640838623, 0.6095583438873291, 0.5968829989433289, 0.5834013819694519], [0.824192225933075, 0.8968651294708252, 1.0, 0.9035434722900391, 0.8513699173927307, 0.8082576990127563, 0.7762490510940552, 0.750634491443634, 0.727466344833374, 0.7122159600257874, 0.6964776515960693, 0.6779201030731201, 0.6590332984924316, 0.64603590965271, 0.6323124170303345, 0.6170450448989868], [0.7731269598007202, 0.8300692439079285, 0.9035434722900391, 1.0, 0.9292768239974976, 0.87746661901474, 0.8405537605285645, 0.8106893301010132, 0.786228358745575, 0.7688218951225281, 0.7495421171188354, 0.7292715311050415, 0.7087627053260803, 0.6952219009399414, 0.6800349950790405, 0.664841890335083], [0.7377142310142517, 0.7873963117599487, 0.8513699173927307, 0.9292768239974976, 1.0, 0.9385450482368469, 0.8982162475585938, 0.8659394383430481, 0.8398991823196411, 0.8197035789489746, 0.7990522980690002, 0.7778599262237549, 0.7572160959243774, 0.7430314421653748, 0.7268062233924866, 0.7115399241447449], [0.7078148126602173, 0.7515629529953003, 0.8082576990127563, 0.87746661901474, 0.9385450482368469, 1.0, 0.954242467880249, 0.9197597503662109, 0.891911506652832, 0.871009886264801, 0.8492290377616882, 0.8250561952590942, 0.8036040663719177, 0.7878954410552979, 0.7717458009719849, 0.7566375136375427], [0.6853933930397034, 0.7247313857078552, 0.7762490510940552, 0.8405537605285645, 0.8982162475585938, 0.954242467880249, 1.0, 0.9667931199073792, 0.9386335611343384, 0.9166316986083984, 0.8953572511672974, 0.8725333213806152, 0.8498839735984802, 0.8334367275238037, 0.8166428804397583, 0.8001763224601746], [0.6668592691421509, 0.7032884955406189, 0.750634491443634, 0.8106893301010132, 0.8659394383430481, 0.9197597503662109, 0.9667931199073792, 1.0, 0.9714955687522888, 0.9482635855674744, 0.9258070588111877, 0.9038074016571045, 0.8804396986961365, 0.8632266521453857, 0.8464235663414001, 0.8290387392044067], [0.6495903730392456, 0.682891309261322, 0.727466344833374, 0.786228358745575, 0.8398991823196411, 0.891911506652832, 0.9386335611343384, 0.9714955687522888, 1.0, 0.9764854907989502, 0.9555588364601135, 0.9334641098976135, 0.9095717668533325, 0.8918043971061707, 0.8751571774482727, 0.8595449328422546], [0.6374194025993347, 0.6697676181793213, 0.7122159600257874, 0.7688218951225281, 0.8197035789489746, 0.871009886264801, 0.9166316986083984, 0.9482635855674744, 0.9764854907989502, 1.0, 0.9796016216278076, 0.9583288431167603, 0.9350096583366394, 0.9183118939399719, 0.9023731350898743, 0.8874443769454956], [0.6261230111122131, 0.6567080020904541, 0.6964776515960693, 0.7495421171188354, 0.7990522980690002, 0.8492290377616882, 0.8953572511672974, 0.9258070588111877, 0.9555588364601135, 0.9796016216278076, 1.0, 0.97917640209198, 0.9583136439323425, 0.9416784644126892, 0.9261983633041382, 0.9118452072143555], [0.6104682683944702, 0.6393041610717773, 0.6779201030731201, 0.7292715311050415, 0.7778599262237549, 0.8250561952590942, 0.8725333213806152, 0.9038074016571045, 0.9334641098976135, 0.9583288431167603, 0.97917640209198, 1.0, 0.9810479283332825, 0.9658472537994385, 0.9497311115264893, 0.9331479668617249], [0.594189465045929, 0.6216132640838623, 0.6590332984924316, 0.7087627053260803, 0.7572160959243774, 0.8036040663719177, 0.8498839735984802, 0.8804396986961365, 0.9095717668533325, 0.9350096583366394, 0.9583136439323425, 0.9810479283332825, 1.0, 0.984582781791687, 0.9699103832244873, 0.9545472264289856], [0.5840374827384949, 0.6095583438873291, 0.64603590965271, 0.6952219009399414, 0.7430314421653748, 0.7878954410552979, 0.8334367275238037, 0.8632266521453857, 0.8918043971061707, 0.9183118939399719, 0.9416784644126892, 0.9658472537994385, 0.984582781791687, 1.0, 0.9859284162521362, 0.9719991683959961], [0.5731406807899475, 0.5968829989433289, 0.6323124170303345, 0.6800349950790405, 0.7268062233924866, 0.7717458009719849, 0.8166428804397583, 0.8464235663414001, 0.8751571774482727, 0.9023731350898743, 0.9261983633041382, 0.9497311115264893, 0.9699103832244873, 0.9859284162521362, 1.0, 0.9859729409217834], [0.5603669285774231, 0.5834013819694519, 0.6170450448989868, 0.664841890335083, 0.7115399241447449, 0.7566375136375427, 0.8001763224601746, 0.8290387392044067, 0.8595449328422546, 0.8874443769454956, 0.9118452072143555, 0.9331479668617249, 0.9545472264289856, 0.9719991683959961, 0.9859729409217834, 1.0]], "pc1_variance": [0.1013726145029068, 0.11320428550243378, 0.12345101684331894, 0.1261749565601349, 0.12488509714603424, 0.12101329863071442, 0.12292104959487915, 0.1187315285205841, 0.10497133433818817, 0.12260992079973221, 0.12908297777175903, 0.13935352861881256, 0.13373425602912903, 0.14196385443210602, 0.14057667553424835, 0.14622068405151367], "probe_accuracy_per_layer": null}, "cka_trained_vs_init_per_layer": [0.6643688082695007, 0.289601594209671, 0.31650277972221375, 0.2726662755012512, 0.25936469435691833, 0.2638694941997528, 0.24529756605625153, 0.24031132459640503, 0.2004760056734085, 0.2000410258769989, 0.18617773056030273, 0.17885875701904297, 0.15902605652809143, 0.15955129265785217, 0.1412571221590042, 0.13759948313236237], "runtime_sec": 144.7412531375885}