{"config": {"input_dim": 784, "num_classes": 10, "depth": 16, "width": 512, "init_scale": 1.0, "nonlinearity": "relu"}, "dataset": "mnist", "seed": 1, "epochs": 8, "shuffle_labels": false, "test_accuracy": 0.9508, "history": {"train_loss": [2.056419303861715, 1.0121416995080852, 0.6460936210923276, 0.44222101316613666, 0.4084582466442706, 0.3851540636713222, 0.3396104535056373, 0.28683727285114385], "val_acc": [0.422, 0.7768, 0.9068, 0.9152, 0.8738, 0.943, 0.9428, 0.9508], "param_delta_ratio": 0.5900768139982057, "n_params": 4346890}, "trained": {"cka": [[1.0, 0.699140727519989, 0.3377155363559723, 0.2853594124317169, 0.2837039530277252, 0.28310391306877136, 0.2830703854560852, 0.28308412432670593, 0.28307199478149414, 0.2830750644207001, 0.2830810844898224, 0.2830359637737274, 0.28338155150413513, 0.2838398814201355, 0.2841593325138092, 0.28239384293556213], [0.699140727519989, 1.0, 0.7790989875793457, 0.6990215182304382, 0.696293294429779, 0.6952105760574341, 0.6951502561569214, 0.6951630115509033, 0.6951437592506409, 0.6951338052749634, 0.695098876953125, 0.694871187210083, 0.6943315863609314, 0.6948927044868469, 0.6957385540008545, 0.6937786936759949], [0.3377155363559723, 0.7790989875793457, 1.0, 0.9860057234764099, 0.9851284623146057, 0.9847119450569153, 0.9846884608268738, 0.9846920371055603, 0.984685480594635, 0.9846807718276978, 0.9846652746200562, 0.9845685362815857, 0.984192967414856, 0.9844039082527161, 0.9847615361213684, 0.984041154384613], [0.2853594124317169, 0.6990215182304382, 0.9860057234764099, 1.0, 0.9999822974205017, 0.9999660849571228, 0.999964714050293, 0.9999646544456482, 0.9999644756317139, 0.9999643564224243, 0.9999634027481079, 0.9999480843544006, 0.9997986555099487, 0.999854564666748, 0.9999257326126099, 0.9997778534889221], [0.2837039530277252, 0.696293294429779, 0.9851284623146057, 0.9999822974205017, 1.0, 0.9999969601631165, 0.9999966025352478, 0.9999964237213135, 0.9999966025352478, 0.9999964237213135, 0.999995768070221, 0.9999824166297913, 0.9998381733894348, 0.999890148639679, 0.9999539256095886, 0.9998214840888977], [0.28310391306877136, 0.6952105760574341, 0.9847119450569153, 0.9999660849571228, 0.9999969601631165, 1.0, 1.0000001192092896, 1.0, 0.9999998807907104, 1.0, 0.9999995827674866, 0.9999873042106628, 0.9998461604118347, 0.9998961091041565, 0.9999555349349976, 0.99983149766922], [0.2830703854560852, 0.6951502561569214, 0.9846884608268738, 0.999964714050293, 0.9999966025352478, 1.0000001192092896, 1.0, 1.0, 1.0000001192092896, 1.0000001192092896, 0.9999996423721313, 0.9999873042106628, 0.9998466372489929, 0.9998963475227356, 0.9999555945396423, 0.9998320937156677], [0.28308412432670593, 0.6951630115509033, 0.9846920371055603, 0.9999646544456482, 0.9999964237213135, 1.0, 1.0, 1.0, 1.0, 1.0, 0.9999994039535522, 0.999987006187439, 0.9998449683189392, 0.9998950958251953, 0.9999545216560364, 0.9998298287391663], [0.28307199478149414, 0.6951437592506409, 0.984685480594635, 0.9999644756317139, 0.9999966025352478, 0.9999998807907104, 1.0000001192092896, 1.0, 1.0, 1.000000238418579, 0.9999997615814209, 0.9999877214431763, 0.9998477697372437, 0.9998971819877625, 0.9999560117721558, 0.9998326301574707], [0.2830750644207001, 0.6951338052749634, 0.9846807718276978, 0.9999643564224243, 0.9999964237213135, 1.0, 1.0000001192092896, 1.0, 1.000000238418579, 1.0, 0.9999998807907104, 0.9999884366989136, 0.9998504519462585, 0.9998994469642639, 0.9999573826789856, 0.9998348951339722], [0.2830810844898224, 0.695098876953125, 0.9846652746200562, 0.9999634027481079, 0.999995768070221, 0.9999995827674866, 0.9999996423721313, 0.9999994039535522, 0.9999997615814209, 0.9999998807907104, 1.0, 0.9999915361404419, 0.9998621344566345, 0.9999089241027832, 0.9999629259109497, 0.9998450875282288], [0.2830359637737274, 0.694871187210083, 0.9845685362815857, 0.9999480843544006, 0.9999824166297913, 0.9999873042106628, 0.9999873042106628, 0.999987006187439, 0.9999877214431763, 0.9999884366989136, 0.9999915361404419, 1.0, 0.9999208450317383, 0.9999538064002991, 0.9999866485595703, 0.99990314245224], [0.28338155150413513, 0.6943315863609314, 0.984192967414856, 0.9997986555099487, 0.9998381733894348, 0.9998461604118347, 0.9998466372489929, 0.9998449683189392, 0.9998477697372437, 0.9998504519462585, 0.9998621344566345, 0.9999208450317383, 1.0, 0.999993622303009, 0.9999550580978394, 0.9999485611915588], [0.2838398814201355, 0.6948927044868469, 0.9844039082527161, 0.999854564666748, 0.999890148639679, 0.9998961091041565, 0.9998963475227356, 0.9998950958251953, 0.9998971819877625, 0.9998994469642639, 0.9999089241027832, 0.9999538064002991, 0.999993622303009, 1.0, 0.9999797344207764, 0.9999387264251709], [0.2841593325138092, 0.6957385540008545, 0.9847615361213684, 0.9999257326126099, 0.9999539256095886, 0.9999555349349976, 0.9999555945396423, 0.9999545216560364, 0.9999560117721558, 0.9999573826789856, 0.9999629259109497, 0.9999866485595703, 0.9999550580978394, 0.9999797344207764, 1.0, 0.9999301433563232], [0.28239384293556213, 0.6937786936759949, 0.984041154384613, 0.9997778534889221, 0.9998214840888977, 0.99983149766922, 0.9998320937156677, 0.9998298287391663, 0.9998326301574707, 0.9998348951339722, 0.9998450875282288, 0.99990314245224, 0.9999485611915588, 0.9999387264251709, 0.9999301433563232, 1.0]], "cosine": [[1.0, 0.07376360893249512, 0.07410914450883865, 0.045990075916051865, 0.05189267545938492, 0.03631656989455223, 0.028484167531132698, 0.023666515946388245, 0.015203661285340786, 0.0322263278067112, 0.04116995632648468, 0.02272479236125946, 0.01905088499188423, 0.03975827246904373, 0.028858665376901627, 0.0062685697339475155], [0.07376360893249512, 1.0, 0.20331253111362457, 0.17624713480472565, 0.17930535972118378, 0.12608690559864044, 0.13068920373916626, 0.04208926111459732, 0.07288515567779541, 0.10293353348970413, 0.11937815696001053, 0.10213401913642883, 0.08332127332687378, 0.11839788407087326, 0.08336304873228073, 0.07988638430833817], [0.07410914450883865, 0.20331253111362457, 1.0, 0.2892637550830841, 0.26600614190101624, 0.24461247026920319, 0.24351559579372406, 0.1654854267835617, 0.1854439228773117, 0.16841430962085724, 0.14908327162265778, 0.10311052203178406, 0.12394607812166214, 0.1801459640264511, 0.15209874510765076, 0.18296366930007935], [0.045990075916051865, 0.17624713480472565, 0.2892637550830841, 1.0, 0.2855341136455536, 0.35709917545318604, 0.197544664144516, 0.1300961673259735, 0.15318135917186737, 0.172621950507164, 0.17602935433387756, 0.13907678425312042, 0.1952408254146576, 0.25491762161254883, 0.15967033803462982, 0.16427497565746307], [0.05189267545938492, 0.17930535972118378, 0.26600614190101624, 0.2855341136455536, 1.0, 0.22485700249671936, 0.19734802842140198, 0.2110787034034729, 0.17691831290721893, 0.1715918332338333, 0.17749494314193726, 0.08342615514993668, 0.13339903950691223, 0.19917654991149902, 0.18446439504623413, 0.14104732871055603], [0.03631656989455223, 0.12608690559864044, 0.24461247026920319, 0.35709917545318604, 0.22485700249671936, 1.0, 0.17127351462841034, 0.11645372956991196, 0.13550642132759094, 0.0604667142033577, 0.13036543130874634, 0.08429056406021118, 0.12382128834724426, 0.22244687378406525, 0.14006780087947845, 0.10550292581319809], [0.028484167531132698, 0.13068920373916626, 0.24351559579372406, 0.197544664144516, 0.19734802842140198, 0.17127351462841034, 1.0, 0.1698567122220993, 0.10973884165287018, 0.1429261565208435, 0.09325601905584335, 0.0564100556075573, 0.11137285828590393, 0.15602852404117584, 0.15289103984832764, 0.11697579175233841], [0.023666515946388245, 0.04208926111459732, 0.1654854267835617, 0.1300961673259735, 0.2110787034034729, 0.11645372956991196, 0.1698567122220993, 1.0, 0.04358407482504845, 0.07608221471309662, 0.09203168749809265, 0.0065778885036706924, 0.13145554065704346, 0.07056364417076111, 0.06270701438188553, 0.07578999549150467], [0.015203661285340786, 0.07288515567779541, 0.1854439228773117, 0.15318135917186737, 0.17691831290721893, 0.13550642132759094, 0.10973884165287018, 0.04358407482504845, 1.0, 0.055632345378398895, 0.05577172711491585, 0.05812033638358116, 0.058748532086610794, 0.07092349976301193, 0.09641477465629578, 0.11764019727706909], [0.0322263278067112, 0.10293353348970413, 0.16841430962085724, 0.172621950507164, 0.1715918332338333, 0.0604667142033577, 0.1429261565208435, 0.07608221471309662, 0.055632345378398895, 1.0, 0.1675303727388382, 0.0015324506675824523, 0.06183923780918121, 0.13825345039367676, 0.13664816319942474, 0.13138966262340546], [0.04116995632648468, 0.11937815696001053, 0.14908327162265778, 0.17602935433387756, 0.17749494314193726, 0.13036543130874634, 0.09325601905584335, 0.09203168749809265, 0.05577172711491585, 0.1675303727388382, 1.0, 0.07833009958267212, 0.054472845047712326, 0.12937524914741516, 0.10560283064842224, 0.12334391474723816], [0.02272479236125946, 0.10213401913642883, 0.10311052203178406, 0.13907678425312042, 0.08342615514993668, 0.08429056406021118, 0.0564100556075573, 0.0065778885036706924, 0.05812033638358116, 0.0015324506675824523, 0.07833009958267212, 1.0, 0.06796680390834808, 0.16305667161941528, 0.09396176785230637, 0.06352848559617996], [0.01905088499188423, 0.08332127332687378, 0.12394607812166214, 0.1952408254146576, 0.13339903950691223, 0.12382128834724426, 0.11137285828590393, 0.13145554065704346, 0.058748532086610794, 0.06183923780918121, 0.054472845047712326, 0.06796680390834808, 1.0, 0.18439881503582, 0.11354738473892212, 0.11052979528903961], [0.03975827246904373, 0.11839788407087326, 0.1801459640264511, 0.25491762161254883, 0.19917654991149902, 0.22244687378406525, 0.15602852404117584, 0.07056364417076111, 0.07092349976301193, 0.13825345039367676, 0.12937524914741516, 0.16305667161941528, 0.18439881503582, 1.0, 0.1120801717042923, 0.10362222790718079], [0.028858665376901627, 0.08336304873228073, 0.15209874510765076, 0.15967033803462982, 0.18446439504623413, 0.14006780087947845, 0.15289103984832764, 0.06270701438188553, 0.09641477465629578, 0.13664816319942474, 0.10560283064842224, 0.09396176785230637, 0.11354738473892212, 0.1120801717042923, 1.0, 0.12010575830936432], [0.0062685697339475155, 0.07988638430833817, 0.18296366930007935, 0.16427497565746307, 0.14104732871055603, 0.10550292581319809, 0.11697579175233841, 0.07578999549150467, 0.11764019727706909, 0.13138966262340546, 0.12334391474723816, 0.06352848559617996, 0.11052979528903961, 0.10362222790718079, 0.12010575830936432, 1.0]], "procrustes": [[1.0, 0.7662985920906067, 0.4270794093608856, 0.3363102674484253, 0.32244399189949036, 0.31946831941604614, 0.3187815845012665, 0.3189639151096344, 0.3198988139629364, 0.32109466195106506, 0.3235548436641693, 0.32907021045684814, 0.340080589056015, 0.34082484245300293, 0.3400670289993286, 0.34622547030448914], [0.7662985920906067, 1.0, 0.8038610816001892, 0.6986173391342163, 0.6810914278030396, 0.6773253083229065, 0.6764653921127319, 0.6765530705451965, 0.6772856116294861, 0.678229808807373, 0.6801268458366394, 0.6841455101966858, 0.6912248134613037, 0.6920838952064514, 0.6926133632659912, 0.6983975768089294], [0.4270794093608856, 0.8038610816001892, 1.0, 0.9828968048095703, 0.9777029752731323, 0.976458728313446, 0.976173996925354, 0.9761717915534973, 0.9763093590736389, 0.9764699935913086, 0.9767076969146729, 0.9767441153526306, 0.974716305732727, 0.9754145741462708, 0.9774761199951172, 0.9792917370796204], [0.3363102674484253, 0.6986173391342163, 0.9828968048095703, 1.0, 0.99952232837677, 0.9993096590042114, 0.9992489814758301, 0.9992472529411316, 0.9992730617523193, 0.9992799162864685, 0.9991959929466248, 0.9984889030456543, 0.9948236346244812, 0.9953901171684265, 0.9974651336669922, 0.9982025027275085], [0.32244399189949036, 0.6810914278030396, 0.9777029752731323, 0.99952232837677, 1.0, 0.9999880790710449, 0.999975860118866, 0.9999730587005615, 0.9999690651893616, 0.9999356865882874, 0.999767005443573, 0.9988594055175781, 0.9947715997695923, 0.9953258037567139, 0.9974652528762817, 0.9979906678199768], [0.31946831941604614, 0.6773253083229065, 0.976458728313446, 0.9993096590042114, 0.9999880790710449, 1.0, 1.0000065565109253, 1.0000042915344238, 0.9999920129776001, 0.9999488592147827, 0.999762237071991, 0.9988085031509399, 0.9946158528327942, 0.9951697587966919, 0.9973247051239014, 0.9978130459785461], [0.3187815845012665, 0.6764653921127319, 0.976173996925354, 0.9992489814758301, 0.999975860118866, 1.0000065565109253, 1.0, 1.0000057220458984, 0.9999902248382568, 0.9999434947967529, 0.9997484683990479, 0.998778760433197, 0.9945540428161621, 0.9951090216636658, 0.9972729086875916, 0.9977542757987976], [0.3189639151096344, 0.6765530705451965, 0.9761717915534973, 0.9992472529411316, 0.9999730587005615, 1.0000042915344238, 1.0000057220458984, 1.0, 0.9999969005584717, 0.9999568462371826, 0.9997758865356445, 0.9988425970077515, 0.9946863651275635, 0.9952331185340881, 0.997360348701477, 0.9978068470954895], [0.3198988139629364, 0.6772856116294861, 0.9763093590736389, 0.9992730617523193, 0.9999690651893616, 0.9999920129776001, 0.9999902248382568, 0.9999969005584717, 1.0, 0.9999916553497314, 0.9998617172241211, 0.9990503191947937, 0.9951339960098267, 0.99565589427948, 0.9976584315299988, 0.9980229139328003], [0.32109466195106506, 0.678229808807373, 0.9764699935913086, 0.9992799162864685, 0.9999356865882874, 0.9999488592147827, 0.9999434947967529, 0.9999568462371826, 0.9999916553497314, 1.0, 0.9999414086341858, 0.9992740154266357, 0.9956601858139038, 0.9961521625518799, 0.9980139136314392, 0.9982565641403198], [0.3235548436641693, 0.6801268458366394, 0.9767076969146729, 0.9991959929466248, 0.999767005443573, 0.999762237071991, 0.9997484683990479, 0.9997758865356445, 0.9998617172241211, 0.9999414086341858, 1.0, 0.9996467232704163, 0.9966650605201721, 0.9970927238464355, 0.9986419677734375, 0.9986521601676941], [0.32907021045684814, 0.6841455101966858, 0.9767441153526306, 0.9984889030456543, 0.9988594055175781, 0.9988085031509399, 0.998778760433197, 0.9988425970077515, 0.9990503191947937, 0.9992740154266357, 0.9996467232704163, 1.0, 0.9984955787658691, 0.9987647533416748, 0.9996134042739868, 0.999082088470459], [0.340080589056015, 0.6912248134613037, 0.974716305732727, 0.9948236346244812, 0.9947715997695923, 0.9946158528327942, 0.9945540428161621, 0.9946863651275635, 0.9951339960098267, 0.9956601858139038, 0.9966650605201721, 0.9984955787658691, 1.0, 0.9999641180038452, 0.9993647336959839, 0.9977892637252808], [0.34082484245300293, 0.6920838952064514, 0.9754145741462708, 0.9953901171684265, 0.9953258037567139, 0.9951697587966919, 0.9951090216636658, 0.9952331185340881, 0.99565589427948, 0.9961521625518799, 0.9970927238464355, 0.9987647533416748, 0.9999641180038452, 1.0, 0.9995949268341064, 0.9982035756111145], [0.3400670289993286, 0.6926133632659912, 0.9774761199951172, 0.9974651336669922, 0.9974652528762817, 0.9973247051239014, 0.9972729086875916, 0.997360348701477, 0.9976584315299988, 0.9980139136314392, 0.9986419677734375, 0.9996134042739868, 0.9993647336959839, 0.9995949268341064, 1.0, 0.9994096755981445], [0.34622547030448914, 0.6983975768089294, 0.9792917370796204, 0.9982025027275085, 0.9979906678199768, 0.9978130459785461, 0.9977542757987976, 0.9978068470954895, 0.9980229139328003, 0.9982565641403198, 0.9986521601676941, 0.999082088470459, 0.9977892637252808, 0.9982035756111145, 0.9994096755981445, 1.0]], "pc1_variance": [0.31000569462776184, 0.6236695647239685, 0.9670163989067078, 0.9984302520751953, 0.9999122619628906, 0.9999853372573853, 0.9999925494194031, 0.9999840259552002, 0.9999285936355591, 0.9998053312301636, 0.999351978302002, 0.9972845315933228, 0.9886467456817627, 0.9897406697273254, 0.9941691160202026, 0.9953680634498596], "probe_accuracy_per_layer": [0.9375000596046448, 0.9300000667572021, 0.9235000610351562, 0.893500030040741, 0.8650000691413879, 0.7360000610351562, 0.7720000147819519, 0.7990000247955322, 0.6600000262260437, 0.7385000586509705, 0.6730000376701355, 0.8015000224113464, 0.8870000243186951, 0.8905000686645508, 0.9040000438690186, 0.893500030040741]}, "init": {"cka": [[1.0, 0.9356779456138611, 0.8627771735191345, 0.8085350394248962, 0.7584366202354431, 0.7243024110794067, 0.6848633885383606, 0.657275915145874, 0.6230472922325134, 0.5900281071662903, 0.5681157112121582, 0.5576819181442261, 0.5496192574501038, 0.537651002407074, 0.5240721702575684, 0.5047560334205627], [0.9356779456138611, 1.0, 0.9268170595169067, 0.8699802756309509, 0.8185430765151978, 0.7812574505805969, 0.735770583152771, 0.7063520550727844, 0.6724165678024292, 0.6377057433128357, 0.6143596172332764, 0.6034719347953796, 0.59364253282547, 0.5802708268165588, 0.5657013058662415, 0.5472516417503357], [0.8627771735191345, 0.9268170595169067, 1.0, 0.9376445412635803, 0.8871411681175232, 0.8368536233901978, 0.7889261245727539, 0.7614069581031799, 0.7332411408424377, 0.701793372631073, 0.671721339225769, 0.6605491638183594, 0.6526605486869812, 0.6381194591522217, 0.6220284700393677, 0.6062413454055786], [0.8085350394248962, 0.8699802756309509, 0.9376445412635803, 1.0, 0.9488503336906433, 0.8972805142402649, 0.8504986763000488, 0.8137784600257874, 0.7825292944908142, 0.7537418007850647, 0.7162043452262878, 0.7038456797599792, 0.6973116397857666, 0.6784243583679199, 0.6665284037590027, 0.646808385848999], [0.7584366202354431, 0.8185430765151978, 0.8871411681175232, 0.9488503336906433, 1.0, 0.9460682272911072, 0.9036301970481873, 0.8665436506271362, 0.832234263420105, 0.8029131293296814, 0.7595584988594055, 0.7378780245780945, 0.73268723487854, 0.7153231501579285, 0.7027736306190491, 0.6862694621086121], [0.7243024110794067, 0.7812574505805969, 0.8368536233901978, 0.8972805142402649, 0.9460682272911072, 1.0, 0.9586119651794434, 0.9174916744232178, 0.8754289150238037, 0.8435524702072144, 0.8007948398590088, 0.7777817845344543, 0.7680317163467407, 0.7526386976242065, 0.7368115782737732, 0.7177711129188538], [0.6848633885383606, 0.735770583152771, 0.7889261245727539, 0.8504986763000488, 0.9036301970481873, 0.9586119651794434, 1.0, 0.957006573677063, 0.9164562821388245, 0.8812738656997681, 0.8348787426948547, 0.8067710995674133, 0.7938987612724304, 0.7797735929489136, 0.7629905939102173, 0.7432190179824829], [0.657275915145874, 0.7063520550727844, 0.7614069581031799, 0.8137784600257874, 0.8665436506271362, 0.9174916744232178, 0.957006573677063, 1.0, 0.960602879524231, 0.9201052784919739, 0.8696811199188232, 0.841177225112915, 0.8224238753318787, 0.8057597279548645, 0.7850139141082764, 0.7680085301399231], [0.6230472922325134, 0.6724165678024292, 0.7332411408424377, 0.7825292944908142, 0.832234263420105, 0.8754289150238037, 0.9164562821388245, 0.960602879524231, 1.0, 0.9553189277648926, 0.9105821847915649, 0.8778300285339355, 0.8584721684455872, 0.8452519178390503, 0.8214762210845947, 0.8042014837265015], [0.5900281071662903, 0.6377057433128357, 0.701793372631073, 0.7537418007850647, 0.8029131293296814, 0.8435524702072144, 0.8812738656997681, 0.9201052784919739, 0.9553189277648926, 1.0, 0.9573704600334167, 0.9172585010528564, 0.9043824076652527, 0.879808247089386, 0.8625715970993042, 0.8431301712989807], [0.5681157112121582, 0.6143596172332764, 0.671721339225769, 0.7162043452262878, 0.7595584988594055, 0.8007948398590088, 0.8348787426948547, 0.8696811199188232, 0.9105821847915649, 0.9573704600334167, 1.0, 0.9646621346473694, 0.9463999271392822, 0.9176356792449951, 0.901259183883667, 0.8791846632957458], [0.5576819181442261, 0.6034719347953796, 0.6605491638183594, 0.7038456797599792, 0.7378780245780945, 0.7777817845344543, 0.8067710995674133, 0.841177225112915, 0.8778300285339355, 0.9172585010528564, 0.9646621346473694, 1.0, 0.97019362449646, 0.9391464591026306, 0.9193752408027649, 0.892947256565094], [0.5496192574501038, 0.59364253282547, 0.6526605486869812, 0.6973116397857666, 0.73268723487854, 0.7680317163467407, 0.7938987612724304, 0.8224238753318787, 0.8584721684455872, 0.9043824076652527, 0.9463999271392822, 0.97019362449646, 1.0, 0.9685425162315369, 0.9506411552429199, 0.9248991012573242], [0.537651002407074, 0.5802708268165588, 0.6381194591522217, 0.6784243583679199, 0.7153231501579285, 0.7526386976242065, 0.7797735929489136, 0.8057597279548645, 0.8452519178390503, 0.879808247089386, 0.9176356792449951, 0.9391464591026306, 0.9685425162315369, 1.0, 0.974552571773529, 0.9489336013793945], [0.5240721702575684, 0.5657013058662415, 0.6220284700393677, 0.6665284037590027, 0.7027736306190491, 0.7368115782737732, 0.7629905939102173, 0.7850139141082764, 0.8214762210845947, 0.8625715970993042, 0.901259183883667, 0.9193752408027649, 0.9506411552429199, 0.974552571773529, 1.0, 0.9740592241287231], [0.5047560334205627, 0.5472516417503357, 0.6062413454055786, 0.646808385848999, 0.6862694621086121, 0.7177711129188538, 0.7432190179824829, 0.7680085301399231, 0.8042014837265015, 0.8431301712989807, 0.8791846632957458, 0.892947256565094, 0.9248991012573242, 0.9489336013793945, 0.9740592241287231, 1.0]], "cosine": [[1.0, 0.018145592883229256, 0.03627808764576912, 0.0112722497433424, 0.016534030437469482, -0.005093996878713369, -0.0024155022110790014, 0.008400687016546726, 0.015502153895795345, 0.009416754357516766, 0.0007449238328263164, -0.000507903634570539, -0.007561493664979935, -0.008813963271677494, -0.015315625816583633, 0.019909124821424484], [0.018145592883229256, 1.0, 0.0328684002161026, 0.03170471265912056, 0.01562965288758278, 0.009840978309512138, 0.005967147648334503, 0.007494563236832619, 0.014876323752105236, 0.004732366185635328, -0.010028565302491188, -0.004532601218670607, -0.010036114603281021, -0.0056739188730716705, 0.003362857736647129, -0.0008226283825933933], [0.03627808764576912, 0.0328684002161026, 1.0, 0.02528994157910347, 0.01416561659425497, 6.338352977763861e-05, -0.007118097506463528, -0.007841682061553001, 0.007458176463842392, -0.0010587004944682121, -0.00067676737671718, 0.005850611254572868, 0.0009517835569567978, 0.00455802446231246, -0.007241271901875734, 0.013005906715989113], [0.0112722497433424, 0.03170471265912056, 0.02528994157910347, 1.0, 0.030585482716560364, 0.0049668303690850735, -0.006828495766967535, 0.00807487964630127, 0.006200847681611776, 0.011469930410385132, -0.003578903852030635, -2.2540842110174708e-05, 0.0001854816946433857, -0.006552149076014757, 0.006389115005731583, 0.007507488131523132], [0.016534030437469482, 0.01562965288758278, 0.01416561659425497, 0.030585482716560364, 1.0, 0.014513403177261353, 0.012403486296534538, -0.008974949829280376, -0.0003743736306205392, -0.000904143787920475, -0.012016501277685165, -0.01207681093364954, -0.017591722309589386, -0.003278100397437811, -0.007415573578327894, -0.001979467226192355], [-0.005093996878713369, 0.009840978309512138, 6.338352977763861e-05, 0.0049668303690850735, 0.014513403177261353, 1.0, 0.007838149555027485, -0.010209044441580772, -0.012012326158583164, 0.008453426882624626, -0.00981541071087122, 0.002787951147183776, 0.0009594177245162427, -0.003936398774385452, -0.01096180360764265, 0.0017898421501740813], [-0.0024155022110790014, 0.005967147648334503, -0.007118097506463528, -0.006828495766967535, 0.012403486296534538, 0.007838149555027485, 1.0, 0.011532026343047619, -0.005264276172965765, 0.0020657095592468977, 0.01103967148810625, 0.01049200352281332, 0.004575975704938173, 0.0007622640114277601, -0.005589707754552364, 0.0028784561436623335], [0.008400687016546726, 0.007494563236832619, -0.007841682061553001, 0.00807487964630127, -0.008974949829280376, -0.010209044441580772, 0.011532026343047619, 1.0, 0.012083838693797588, 0.007823687046766281, 0.025011105462908745, -0.006055870093405247, 0.0028068956453353167, 0.003043339354917407, -0.004838192835450172, -0.00012263946700841188], [0.015502153895795345, 0.014876323752105236, 0.007458176463842392, 0.006200847681611776, -0.0003743736306205392, -0.012012326158583164, -0.005264276172965765, 0.012083838693797588, 1.0, 0.0165949035435915, 0.0021722796373069286, 0.01729259453713894, -0.004093607887625694, 0.0009909493383020163, 0.010273819789290428, 0.010923255234956741], [0.009416754357516766, 0.004732366185635328, -0.0010587004944682121, 0.011469930410385132, -0.000904143787920475, 0.008453426882624626, 0.0020657095592468977, 0.007823687046766281, 0.0165949035435915, 1.0, -0.0043500573374331, -0.003968984819948673, -0.002674766583368182, 0.0034779165871441364, -0.0016173928743228316, 0.010941010899841785], [0.0007449238328263164, -0.010028565302491188, -0.00067676737671718, -0.003578903852030635, -0.012016501277685165, -0.00981541071087122, 0.01103967148810625, 0.025011105462908745, 0.0021722796373069286, -0.0043500573374331, 1.0, 0.0005641401512548327, 0.005433171056210995, -0.01702921651303768, 0.0015210203127935529, 0.011070995591580868], [-0.000507903634570539, -0.004532601218670607, 0.005850611254572868, -2.2540842110174708e-05, -0.01207681093364954, 0.002787951147183776, 0.01049200352281332, -0.006055870093405247, 0.01729259453713894, -0.003968984819948673, 0.0005641401512548327, 1.0, -0.0017183723393827677, -0.0011599961435422301, -0.011352366767823696, 0.009848957881331444], [-0.007561493664979935, -0.010036114603281021, 0.0009517835569567978, 0.0001854816946433857, -0.017591722309589386, 0.0009594177245162427, 0.004575975704938173, 0.0028068956453353167, -0.004093607887625694, -0.002674766583368182, 0.005433171056210995, -0.0017183723393827677, 1.0, -0.006548650097101927, -0.00042061260319314897, -0.008428363129496574], [-0.008813963271677494, -0.0056739188730716705, 0.00455802446231246, -0.006552149076014757, -0.003278100397437811, -0.003936398774385452, 0.0007622640114277601, 0.003043339354917407, 0.0009909493383020163, 0.0034779165871441364, -0.01702921651303768, -0.0011599961435422301, -0.006548650097101927, 1.0, 0.013138830661773682, 0.006894753780215979], [-0.015315625816583633, 0.003362857736647129, -0.007241271901875734, 0.006389115005731583, -0.007415573578327894, -0.01096180360764265, -0.005589707754552364, -0.004838192835450172, 0.010273819789290428, -0.0016173928743228316, 0.0015210203127935529, -0.011352366767823696, -0.00042061260319314897, 0.013138830661773682, 1.0, -0.005520336329936981], [0.019909124821424484, -0.0008226283825933933, 0.013005906715989113, 0.007507488131523132, -0.001979467226192355, 0.0017898421501740813, 0.0028784561436623335, -0.00012263946700841188, 0.010923255234956741, 0.010941010899841785, 0.011070995591580868, 0.009848957881331444, -0.008428363129496574, 0.006894753780215979, -0.005520336329936981, 1.0]], "procrustes": [[1.0, 0.8957108855247498, 0.8225317597389221, 0.7734171748161316, 0.7326568365097046, 0.7000846862792969, 0.6772514581680298, 0.6582928895950317, 0.6358134746551514, 0.6169377565383911, 0.6039568185806274, 0.5929956436157227, 0.5823949575424194, 0.5745753049850464, 0.5650463104248047, 0.5556150674819946], [0.8957108855247498, 1.0, 0.8927661180496216, 0.8289448618888855, 0.7796481847763062, 0.7424427270889282, 0.7150420546531677, 0.6929529309272766, 0.6692902445793152, 0.6486993432044983, 0.6339585781097412, 0.6217480897903442, 0.609881579875946, 0.6011078357696533, 0.5904934406280518, 0.5807349681854248], [0.8225317597389221, 0.8927661180496216, 1.0, 0.9069129824638367, 0.8458839058876038, 0.8015194535255432, 0.7693132162094116, 0.7448695302009583, 0.7201746702194214, 0.6983664035797119, 0.6811910271644592, 0.6675201654434204, 0.6546865701675415, 0.644963800907135, 0.6329158544540405, 0.6230207085609436], [0.7734171748161316, 0.8289448618888855, 0.9069129824638367, 1.0, 0.9201854467391968, 0.8696230053901672, 0.833664059638977, 0.8063123822212219, 0.7793726921081543, 0.7550977468490601, 0.7346866130828857, 0.7197257876396179, 0.7052658200263977, 0.6932648420333862, 0.6806382536888123, 0.6693173050880432], [0.7326568365097046, 0.7796481847763062, 0.8458839058876038, 0.9201854467391968, 1.0, 0.9398691654205322, 0.900173544883728, 0.8701304793357849, 0.8411908149719238, 0.815548300743103, 0.7930993437767029, 0.7743370532989502, 0.7595796585083008, 0.7464867234230042, 0.7326851487159729, 0.72145015001297], [0.7000846862792969, 0.7424427270889282, 0.8015194535255432, 0.8696230053901672, 0.9398691654205322, 1.0, 0.9584729075431824, 0.9276915192604065, 0.8973772525787354, 0.8702147603034973, 0.8469969630241394, 0.8273676633834839, 0.8110573887825012, 0.7980626225471497, 0.7825716733932495, 0.7698404788970947], [0.6772514581680298, 0.7150420546531677, 0.7693132162094116, 0.833664059638977, 0.900173544883728, 0.9584729075431824, 1.0, 0.9686935544013977, 0.9403721690177917, 0.9145280122756958, 0.8904197812080383, 0.8704453110694885, 0.8542226552963257, 0.841241717338562, 0.8257682919502258, 0.8121707439422607], [0.6582928895950317, 0.6929529309272766, 0.7448695302009583, 0.8063123822212219, 0.8701304793357849, 0.9276915192604065, 0.9686935544013977, 1.0, 0.9723482131958008, 0.9457473754882812, 0.9206948280334473, 0.9009275436401367, 0.8839051127433777, 0.8696510195732117, 0.8542130589485168, 0.8405067920684814], [0.6358134746551514, 0.6692902445793152, 0.7201746702194214, 0.7793726921081543, 0.8411908149719238, 0.8973772525787354, 0.9403721690177917, 0.9723482131958008, 1.0, 0.9748415946960449, 0.9513529539108276, 0.9308589696884155, 0.9141430258750916, 0.900775134563446, 0.884618878364563, 0.8709007501602173], [0.6169377565383911, 0.6486993432044983, 0.6983664035797119, 0.7550977468490601, 0.815548300743103, 0.8702147603034973, 0.9145280122756958, 0.9457473754882812, 0.9748415946960449, 1.0, 0.9781283736228943, 0.9573831558227539, 0.9431425333023071, 0.9270171523094177, 0.9123398661613464, 0.8978452086448669], [0.6039568185806274, 0.6339585781097412, 0.6811910271644592, 0.7346866130828857, 0.7930993437767029, 0.8469969630241394, 0.8904197812080383, 0.9206948280334473, 0.9513529539108276, 0.9781283736228943, 1.0, 0.9814899563789368, 0.9675747752189636, 0.9511051774024963, 0.936530351638794, 0.922088623046875], [0.5929956436157227, 0.6217480897903442, 0.6675201654434204, 0.7197257876396179, 0.7743370532989502, 0.8273676633834839, 0.8704453110694885, 0.9009275436401367, 0.9308589696884155, 0.9573831558227539, 0.9814899563789368, 1.0, 0.9844598174095154, 0.9679145812988281, 0.9533470273017883, 0.9375933408737183], [0.5823949575424194, 0.609881579875946, 0.6546865701675415, 0.7052658200263977, 0.7595796585083008, 0.8110573887825012, 0.8542226552963257, 0.8839051127433777, 0.9141430258750916, 0.9431425333023071, 0.9675747752189636, 0.9844598174095154, 1.0, 0.98353511095047, 0.9698649644851685, 0.9557154178619385], [0.5745753049850464, 0.6011078357696533, 0.644963800907135, 0.6932648420333862, 0.7464867234230042, 0.7980626225471497, 0.841241717338562, 0.8696510195732117, 0.900775134563446, 0.9270171523094177, 0.9511051774024963, 0.9679145812988281, 0.98353511095047, 1.0, 0.9867332577705383, 0.9734089374542236], [0.5650463104248047, 0.5904934406280518, 0.6329158544540405, 0.6806382536888123, 0.7326851487159729, 0.7825716733932495, 0.8257682919502258, 0.8542130589485168, 0.884618878364563, 0.9123398661613464, 0.936530351638794, 0.9533470273017883, 0.9698649644851685, 0.9867332577705383, 1.0, 0.9867545366287231], [0.5556150674819946, 0.5807349681854248, 0.6230207085609436, 0.6693173050880432, 0.72145015001297, 0.7698404788970947, 0.8121707439422607, 0.8405067920684814, 0.8709007501602173, 0.8978452086448669, 0.922088623046875, 0.9375933408737183, 0.9557154178619385, 0.9734089374542236, 0.9867545366287231, 1.0]], "pc1_variance": [0.09992839395999908, 0.09801755845546722, 0.11236061900854111, 0.13318975269794464, 0.13926105201244354, 0.13600602746009827, 0.14371013641357422, 0.13578256964683533, 0.13434374332427979, 0.14482656121253967, 0.13608698546886444, 0.14102959632873535, 0.15325729548931122, 0.15072529017925262, 0.17181888222694397, 0.1768541783094406], "probe_accuracy_per_layer": null}, "cka_trained_vs_init_per_layer": [0.6002152562141418, 0.3658360540866852, 0.2341272383928299, 0.2043866515159607, 0.1767095923423767, 0.17400462925434113, 0.16469141840934753, 0.16037271916866302, 0.15270906686782837, 0.13764674961566925, 0.15121401846408844, 0.1589854657649994, 0.1439731866121292, 0.14193454384803772, 0.14513488113880157, 0.13767316937446594], "runtime_sec": 149.01805472373962}