{"config": {"input_dim": 784, "num_classes": 10, "depth": 8, "width": 2048, "init_scale": 1.0, "nonlinearity": "relu"}, "dataset": "mnist", "seed": 0, "epochs": 8, "shuffle_labels": false, "test_accuracy": 0.9908, "history": {"train_loss": [1.2497088917988841, 0.2116869648255534, 0.14068513123665827, 0.07892725927660525, 0.05374254712487681, 0.03461870420092748, 0.021216071967501193, 0.015310794881631826], "val_acc": [0.8618, 0.9676, 0.9826, 0.985, 0.988, 0.9902, 0.9904, 0.9908], "param_delta_ratio": 0.6421420987536249, "n_params": 31002634}, "trained": {"cka": [[1.0, 0.7027385234832764, 0.3861764669418335, 0.4142739176750183, 0.45665475726127625, 0.47707054018974304, 0.5117780566215515, 0.51234370470047], [0.7027385234832764, 1.0, 0.8026811480522156, 0.8122722506523132, 0.8133782744407654, 0.7554228901863098, 0.7024092078208923, 0.703570544719696], [0.3861764669418335, 0.8026811480522156, 1.0, 0.9794487357139587, 0.9377160668373108, 0.7891786098480225, 0.5734853744506836, 0.5704237222671509], [0.4142739176750183, 0.8122722506523132, 0.9794487357139587, 1.0, 0.9777384400367737, 0.8562293648719788, 0.6817229986190796, 0.6775205135345459], [0.45665475726127625, 0.8133782744407654, 0.9377160668373108, 0.9777384400367737, 1.0, 0.9413315653800964, 0.7745391130447388, 0.743880033493042], [0.47707054018974304, 0.7554228901863098, 0.7891786098480225, 0.8562293648719788, 0.9413315653800964, 1.0, 0.8712167143821716, 0.8007852435112], [0.5117780566215515, 0.7024092078208923, 0.5734853744506836, 0.6817229986190796, 0.7745391130447388, 0.8712167143821716, 1.0, 0.9729285836219788], [0.51234370470047, 0.703570544719696, 0.5704237222671509, 0.6775205135345459, 0.743880033493042, 0.8007852435112, 0.9729285836219788, 1.0]], "cosine": [[1.0, -0.0008730980916880071, 0.008918303065001965, 0.009544559754431248, 0.003797668032348156, 0.002180214738473296, -0.0036724021192640066, 0.008363471366465092], [-0.0008730980916880071, 1.0, 0.027423210442066193, 0.020210741087794304, 0.027358340099453926, 0.00832773745059967, 0.014830355532467365, 0.001109469449147582], [0.008918303065001965, 0.027423210442066193, 1.0, 0.02900446020066738, 0.06674298644065857, 0.03123069740831852, 0.028453513979911804, 0.0386277474462986], [0.009544559754431248, 0.020210741087794304, 0.02900446020066738, 1.0, 0.05172842741012573, 0.04585171863436699, 0.024449804797768593, 0.049368903040885925], [0.003797668032348156, 0.027358340099453926, 0.06674298644065857, 0.05172842741012573, 1.0, 0.03434362635016441, 0.01336794812232256, 0.04285494610667229], [0.002180214738473296, 0.00832773745059967, 0.03123069740831852, 0.04585171863436699, 0.03434362635016441, 1.0, 0.02248046174645424, 0.050250064581632614], [-0.0036724021192640066, 0.014830355532467365, 0.028453513979911804, 0.024449804797768593, 0.01336794812232256, 0.02248046174645424, 1.0, 0.036565665155649185], [0.008363471366465092, 0.001109469449147582, 0.0386277474462986, 0.049368903040885925, 0.04285494610667229, 0.050250064581632614, 0.036565665155649185, 1.0]], "procrustes": [[1.0, 0.801286518573761, 0.56737220287323, 0.5235612988471985, 0.5202164649963379, 0.5224539041519165, 0.5467524528503418, 0.5535836219787598], [0.801286518573761, 1.0, 0.8417580127716064, 0.7912722826004028, 0.7735827565193176, 0.7588270306587219, 0.7675129771232605, 0.7745442390441895], [0.56737220287323, 0.8417580127716064, 1.0, 0.9773074388504028, 0.9468719363212585, 0.8931393027305603, 0.8135958313941956, 0.8140629529953003], [0.5235612988471985, 0.7912722826004028, 0.9773074388504028, 1.0, 0.9856235384941101, 0.9420303106307983, 0.8757018446922302, 0.8738653659820557], [0.5202164649963379, 0.7735827565193176, 0.9468719363212585, 0.9856235384941101, 1.0, 0.9816932082176208, 0.9128870368003845, 0.8974394202232361], [0.5224539041519165, 0.7588270306587219, 0.8931393027305603, 0.9420303106307983, 0.9816932082176208, 1.0, 0.9463135600090027, 0.9170832633972168], [0.5467524528503418, 0.7675129771232605, 0.8135958313941956, 0.8757018446922302, 0.9128870368003845, 0.9463135600090027, 1.0, 0.9874932169914246], [0.5535836219787598, 0.7745442390441895, 0.8140629529953003, 0.8738653659820557, 0.8974394202232361, 0.9170832633972168, 0.9874932169914246, 1.0]], "pc1_variance": [0.13551174104213715, 0.2370971292257309, 0.6413108706474304, 0.5773090720176697, 0.5120298266410828, 0.47373950481414795, 0.3785577416419983, 0.3507557511329651], "probe_accuracy_per_layer": [0.955500066280365, 0.9770000576972961, 0.9765000343322754, 0.9750000238418579, 0.9805000424385071, 0.9795000553131104, 0.9790000319480896, 0.9795000553131104]}, "init": {"cka": [[1.0, 0.9770640134811401, 0.9420945644378662, 0.8995660543441772, 0.8757324814796448, 0.8556030988693237, 0.831839382648468, 0.8035288453102112], [0.9770640134811401, 1.0, 0.9724124073982239, 0.938554048538208, 0.9141589999198914, 0.892663836479187, 0.8691647052764893, 0.8412823677062988], [0.9420945644378662, 0.9724124073982239, 1.0, 0.9722123742103577, 0.9470924139022827, 0.922111988067627, 0.8986853361129761, 0.8726037740707397], [0.8995660543441772, 0.938554048538208, 0.9722123742103577, 1.0, 0.9738461375236511, 0.9491420984268188, 0.9261844158172607, 0.90180504322052], [0.8757324814796448, 0.9141589999198914, 0.9470924139022827, 0.9738461375236511, 1.0, 0.9736876487731934, 0.9480041861534119, 0.9248455762863159], [0.8556030988693237, 0.892663836479187, 0.922111988067627, 0.9491420984268188, 0.9736876487731934, 1.0, 0.9737457036972046, 0.9490272998809814], [0.831839382648468, 0.8691647052764893, 0.8986853361129761, 0.9261844158172607, 0.9480041861534119, 0.9737457036972046, 1.0, 0.9742838740348816], [0.8035288453102112, 0.8412823677062988, 0.8726037740707397, 0.90180504322052, 0.9248455762863159, 0.9490272998809814, 0.9742838740348816, 1.0]], "cosine": [[1.0, 0.01803746074438095, 0.015426467172801495, 0.015759356319904327, 0.0105581721290946, 0.009097467176616192, 0.005158969666808844, -0.0023729244712740183], [0.01803746074438095, 1.0, 0.014362931251525879, 0.020226934924721718, 0.01093442551791668, 0.007335346657782793, 0.004753807559609413, 0.003599626012146473], [0.015426467172801495, 0.014362931251525879, 1.0, 0.024264205247163773, 0.01405525766313076, 0.005655514542013407, 0.003947865683585405, -0.006287464406341314], [0.015759356319904327, 0.020226934924721718, 0.024264205247163773, 1.0, 0.016904182732105255, 0.002992267720401287, 0.008549601770937443, 0.0008510134648531675], [0.0105581721290946, 0.01093442551791668, 0.01405525766313076, 0.016904182732105255, 1.0, 0.0030027420725673437, 0.0006564483628608286, 0.004648242611438036], [0.009097467176616192, 0.007335346657782793, 0.005655514542013407, 0.002992267720401287, 0.0030027420725673437, 1.0, 0.00382779142819345, 0.005879911128431559], [0.005158969666808844, 0.004753807559609413, 0.003947865683585405, 0.008549601770937443, 0.0006564483628608286, 0.00382779142819345, 1.0, -0.00425605708733201], [-0.0023729244712740183, 0.003599626012146473, -0.006287464406341314, 0.0008510134648531675, 0.004648242611438036, 0.005879911128431559, -0.00425605708733201, 1.0]], "procrustes": [[1.0, 0.9410719871520996, 0.894450306892395, 0.8561485409736633, 0.8231877684593201, 0.7976049780845642, 0.7762398719787598, 0.7562644481658936], [0.9410719871520996, 1.0, 0.9327903985977173, 0.8863146305084229, 0.8481069207191467, 0.818386435508728, 0.7938604950904846, 0.7712142467498779], [0.894450306892395, 0.9327903985977173, 1.0, 0.9316749572753906, 0.8842857480049133, 0.8494954109191895, 0.8218340277671814, 0.7970414161682129], [0.8561485409736633, 0.8863146305084229, 0.9316749572753906, 1.0, 0.9336909055709839, 0.8921520709991455, 0.8611317873001099, 0.8337761163711548], [0.8231877684593201, 0.8481069207191467, 0.8842857480049133, 0.9336909055709839, 1.0, 0.9458386898040771, 0.9094700813293457, 0.8789395689964294], [0.7976049780845642, 0.818386435508728, 0.8494954109191895, 0.8921520709991455, 0.9458386898040771, 1.0, 0.9586608409881592, 0.9257869720458984], [0.7762398719787598, 0.7938604950904846, 0.8218340277671814, 0.8611317873001099, 0.9094700813293457, 0.9586608409881592, 1.0, 0.9662560224533081], [0.7562644481658936, 0.7712142467498779, 0.7970414161682129, 0.8337761163711548, 0.8789395689964294, 0.9257869720458984, 0.9662560224533081, 1.0]], "pc1_variance": [0.08984868228435516, 0.08460408449172974, 0.08693405240774155, 0.09541697055101395, 0.08732596039772034, 0.08662915974855423, 0.08770681172609329, 0.08862386643886566], "probe_accuracy_per_layer": null}, "cka_trained_vs_init_per_layer": [0.7857092618942261, 0.487793505191803, 0.27947109937667847, 0.2733002007007599, 0.278102844953537, 0.2690478563308716, 0.26644816994667053, 0.2653045654296875], "runtime_sec": 395.1535584926605}