{"config": {"input_dim": 784, "num_classes": 10, "depth": 4, "width": 128, "init_scale": 1.0, "nonlinearity": "relu"}, "dataset": "mnist", "seed": 2, "epochs": 8, "shuffle_labels": false, "test_accuracy": 0.9816, "history": {"train_loss": [0.6228974930058091, 0.19953855799542644, 0.13977460386389393, 0.10800498250429913, 0.086207447131559, 0.0716960238513805, 0.06235141723842944, 0.05764168115743136], "val_acc": [0.9468, 0.9686, 0.9748, 0.9766, 0.9786, 0.981, 0.9812, 0.9816], "param_delta_ratio": 0.8065396180830389, "n_params": 151306}, "trained": {"cka": [[1.0, 0.9163647294044495, 0.8217754364013672, 0.7091670632362366], [0.9163647294044495, 1.0, 0.9561538100242615, 0.8675661087036133], [0.8217754364013672, 0.9561538100242615, 1.0, 0.9607629179954529], [0.7091670632362366, 0.8675661087036133, 0.9607629179954529, 1.0]], "cosine": [[1.0, 0.022847279906272888, 0.013263514265418053, 0.028429647907614708], [0.022847279906272888, 1.0, 0.027878325432538986, 0.0450199693441391], [0.013263514265418053, 0.027878325432538986, 1.0, 0.08479180932044983], [0.028429647907614708, 0.0450199693441391, 0.08479180932044983, 1.0]], "procrustes": [[1.0, 0.9236515164375305, 0.8434300422668457, 0.7758698463439941], [0.9236515164375305, 1.0, 0.9598096013069153, 0.9102928042411804], [0.8434300422668457, 0.9598096013069153, 1.0, 0.9742481708526611], [0.7758698463439941, 0.9102928042411804, 0.9742481708526611, 1.0]], "pc1_variance": [0.18325549364089966, 0.21452638506889343, 0.23238909244537354, 0.28008198738098145], "probe_accuracy_per_layer": [0.9465000629425049, 0.9535000324249268, 0.9600000381469727, 0.9655000567436218]}, "init": {"cka": [[1.0, 0.8385076522827148, 0.7427405118942261, 0.6507212519645691], [0.8385076522827148, 1.0, 0.8850458264350891, 0.793472945690155], [0.7427405118942261, 0.8850458264350891, 1.0, 0.8927537798881531], [0.6507212519645691, 0.793472945690155, 0.8927537798881531, 1.0]], "cosine": [[1.0, 0.00017546697927173227, 0.008066426031291485, -0.007080149836838245], [0.00017546697927173227, 1.0, 0.036657001823186874, 0.018913334235548973], [0.008066426031291485, 0.036657001823186874, 1.0, 0.035076528787612915], [-0.007080149836838245, 0.018913334235548973, 0.035076528787612915, 1.0]], "procrustes": [[1.0, 0.8404293060302734, 0.7484421730041504, 0.66801917552948], [0.8404293060302734, 1.0, 0.8745630979537964, 0.7809419631958008], [0.7484421730041504, 0.8745630979537964, 1.0, 0.8873963952064514], [0.66801917552948, 0.7809419631958008, 0.8873963952064514, 1.0]], "pc1_variance": [0.11500848084688187, 0.1605004221200943, 0.1954643279314041, 0.19961272180080414], "probe_accuracy_per_layer": null}, "cka_trained_vs_init_per_layer": [0.6741148829460144, 0.4896746575832367, 0.3515109121799469, 0.2635502517223358], "runtime_sec": 3.811532735824585}