{"config": {"input_dim": 784, "num_classes": 10, "depth": 8, "width": 128, "init_scale": 1.0, "nonlinearity": "relu"}, "dataset": "mnist", "seed": 1, "epochs": 8, "shuffle_labels": false, "test_accuracy": 0.975, "history": {"train_loss": [0.8692847515566874, 0.2887031669586392, 0.1893427876471463, 0.13851326489347524, 0.1096543755571721, 0.09387463555371357, 0.08001960372015582, 0.0730030084881237], "val_acc": [0.911, 0.945, 0.9658, 0.9684, 0.9704, 0.9764, 0.976, 0.975], "param_delta_ratio": 0.5473399129843565, "n_params": 217354}, "trained": {"cka": [[1.0, 0.8941101431846619, 0.8055156469345093, 0.7642843723297119, 0.7366296648979187, 0.7344121336936951, 0.7120089530944824, 0.671938955783844], [0.8941101431846619, 1.0, 0.9657646417617798, 0.9363408088684082, 0.9111548662185669, 0.9009691476821899, 0.8782645463943481, 0.8350750803947449], [0.8055156469345093, 0.9657646417617798, 1.0, 0.9879501461982727, 0.9752114415168762, 0.9644683003425598, 0.9469011425971985, 0.9006161093711853], [0.7642843723297119, 0.9363408088684082, 0.9879501461982727, 1.0, 0.995326042175293, 0.9857313632965088, 0.9645804166793823, 0.9138053059577942], [0.7366296648979187, 0.9111548662185669, 0.9752114415168762, 0.995326042175293, 1.0, 0.9903961420059204, 0.9674741625785828, 0.914786696434021], [0.7344121336936951, 0.9009691476821899, 0.9644683003425598, 0.9857313632965088, 0.9903961420059204, 1.0, 0.9877200722694397, 0.9418878555297852], [0.7120089530944824, 0.8782645463943481, 0.9469011425971985, 0.9645804166793823, 0.9674741625785828, 0.9877200722694397, 1.0, 0.9749531149864197], [0.671938955783844, 0.8350750803947449, 0.9006161093711853, 0.9138053059577942, 0.914786696434021, 0.9418878555297852, 0.9749531149864197, 1.0]], "cosine": [[1.0, 0.0780600905418396, 0.021512523293495178, 0.036274224519729614, 0.08675329387187958, 0.048374686390161514, 0.024977896362543106, 0.02799263224005699], [0.0780600905418396, 1.0, 0.11511672288179398, 0.17051513493061066, 0.12278703600168228, 0.04209911823272705, 0.10278081893920898, 0.07350677996873856], [0.021512523293495178, 0.11511672288179398, 1.0, 0.14438818395137787, 0.09151945263147354, 0.14966344833374023, 0.1635591983795166, 0.07651093602180481], [0.036274224519729614, 0.17051513493061066, 0.14438818395137787, 1.0, 0.1347792148590088, 0.1416100114583969, 0.09702374786138535, 0.13847225904464722], [0.08675329387187958, 0.12278703600168228, 0.09151945263147354, 0.1347792148590088, 1.0, 0.20389807224273682, 0.1303473860025406, 0.1112607792019844], [0.048374686390161514, 0.04209911823272705, 0.14966344833374023, 0.1416100114583969, 0.20389807224273682, 1.0, 0.1145414263010025, 0.062487199902534485], [0.024977896362543106, 0.10278081893920898, 0.1635591983795166, 0.09702374786138535, 0.1303473860025406, 0.1145414263010025, 1.0, 0.10704252868890762], [0.02799263224005699, 0.07350677996873856, 0.07651093602180481, 0.13847225904464722, 0.1112607792019844, 0.062487199902534485, 0.10704252868890762, 1.0]], "procrustes": [[1.0, 0.9180167317390442, 0.8135418891906738, 0.7586238980293274, 0.7297115921974182, 0.7325183153152466, 0.7302528619766235, 0.7266257405281067], [0.9180167317390442, 1.0, 0.9510373473167419, 0.9132640957832336, 0.8897438645362854, 0.8881147503852844, 0.8826248049736023, 0.8695429563522339], [0.8135418891906738, 0.9510373473167419, 1.0, 0.9882695078849792, 0.977441132068634, 0.9720429182052612, 0.9635158777236938, 0.9376676082611084], [0.7586238980293274, 0.9132640957832336, 0.9882695078849792, 1.0, 0.9954131841659546, 0.9895049333572388, 0.978485643863678, 0.9473391771316528], [0.7297115921974182, 0.8897438645362854, 0.977441132068634, 0.9954131841659546, 1.0, 0.9935558438301086, 0.9817603826522827, 0.9487053751945496], [0.7325183153152466, 0.8881147503852844, 0.9720429182052612, 0.9895049333572388, 0.9935558438301086, 1.0, 0.9929322004318237, 0.9671506285667419], [0.7302528619766235, 0.8826248049736023, 0.9635158777236938, 0.978485643863678, 0.9817603826522827, 0.9929322004318237, 1.0, 0.9848294854164124], [0.7266257405281067, 0.8695429563522339, 0.9376676082611084, 0.9473391771316528, 0.9487053751945496, 0.9671506285667419, 0.9848294854164124, 1.0]], "pc1_variance": [0.1698075532913208, 0.26668933033943176, 0.3245168924331665, 0.35859590768814087, 0.3724643886089325, 0.3387102484703064, 0.3272213637828827, 0.33055779337882996], "probe_accuracy_per_layer": [0.9430000185966492, 0.9540000557899475, 0.9535000324249268, 0.9545000195503235, 0.9575000405311584, 0.9630000591278076, 0.9620000720024109, 0.9615000486373901]}, "init": {"cka": [[1.0, 0.828619658946991, 0.731340229511261, 0.6582456827163696, 0.5982947945594788, 0.563252329826355, 0.5183007717132568, 0.4996216297149658], [0.828619658946991, 1.0, 0.8517193794250488, 0.7523464560508728, 0.6769593954086304, 0.6253554224967957, 0.5949369668960571, 0.576252818107605], [0.731340229511261, 0.8517193794250488, 1.0, 0.8851990699768066, 0.823185384273529, 0.7822371125221252, 0.7339085340499878, 0.6925061941146851], [0.6582456827163696, 0.7523464560508728, 0.8851990699768066, 1.0, 0.9054996371269226, 0.8525388240814209, 0.7997444868087769, 0.7521888017654419], [0.5982947945594788, 0.6769593954086304, 0.823185384273529, 0.9054996371269226, 1.0, 0.9286660552024841, 0.8658105731010437, 0.803546667098999], [0.563252329826355, 0.6253554224967957, 0.7822371125221252, 0.8525388240814209, 0.9286660552024841, 1.0, 0.9397481083869934, 0.8857689499855042], [0.5183007717132568, 0.5949369668960571, 0.7339085340499878, 0.7997444868087769, 0.8658105731010437, 0.9397481083869934, 1.0, 0.9519943594932556], [0.4996216297149658, 0.576252818107605, 0.6925061941146851, 0.7521888017654419, 0.803546667098999, 0.8857689499855042, 0.9519943594932556, 1.0]], "cosine": [[1.0, 0.03185124695301056, 0.00707598403096199, 0.03036820888519287, 0.02746005542576313, -0.009893432259559631, 0.003126602852717042, 0.014107931405305862], [0.03185124695301056, 1.0, 0.04534604027867317, -0.0029321513138711452, 0.029715370386838913, 0.015917206183075905, -0.016977842897176743, 0.00023042313114274293], [0.00707598403096199, 0.04534604027867317, 1.0, 0.02309218980371952, -0.01279094722121954, 0.023987585678696632, 0.003232104005292058, -0.02179133892059326], [0.03036820888519287, -0.0029321513138711452, 0.02309218980371952, 1.0, -0.0036881964188069105, -0.006698261946439743, 0.03330891579389572, 0.019339608028531075], [0.02746005542576313, 0.029715370386838913, -0.01279094722121954, -0.0036881964188069105, 1.0, 0.048301052302122116, 0.018371788784861565, -0.007283705752342939], [-0.009893432259559631, 0.015917206183075905, 0.023987585678696632, -0.006698261946439743, 0.048301052302122116, 1.0, 0.009792685508728027, -0.0006657024496234953], [0.003126602852717042, -0.016977842897176743, 0.003232104005292058, 0.03330891579389572, 0.018371788784861565, 0.009792685508728027, 1.0, 0.023554814979434013], [0.014107931405305862, 0.00023042313114274293, -0.02179133892059326, 0.019339608028531075, -0.007283705752342939, -0.0006657024496234953, 0.023554814979434013, 1.0]], "procrustes": [[1.0, 0.8524507284164429, 0.7574927806854248, 0.6939668655395508, 0.6462288498878479, 0.6158919334411621, 0.5847193002700806, 0.5644135475158691], [0.8524507284164429, 1.0, 0.8684834241867065, 0.7865198850631714, 0.7318004965782166, 0.693647563457489, 0.6622484922409058, 0.6401317119598389], [0.7574927806854248, 0.8684834241867065, 1.0, 0.8974559307098389, 0.8387323617935181, 0.8016465306282043, 0.7660648226737976, 0.7378364205360413], [0.6939668655395508, 0.7865198850631714, 0.8974559307098389, 1.0, 0.9246387481689453, 0.8823070526123047, 0.8415329456329346, 0.8095807433128357], [0.6462288498878479, 0.7318004965782166, 0.8387323617935181, 0.9246387481689453, 1.0, 0.952854335308075, 0.9112028479576111, 0.8782945275306702], [0.6158919334411621, 0.693647563457489, 0.8016465306282043, 0.8823070526123047, 0.952854335308075, 1.0, 0.9624227285385132, 0.9314393997192383], [0.5847193002700806, 0.6622484922409058, 0.7660648226737976, 0.8415329456329346, 0.9112028479576111, 0.9624227285385132, 1.0, 0.9697085022926331], [0.5644135475158691, 0.6401317119598389, 0.7378364205360413, 0.8095807433128357, 0.8782945275306702, 0.9314393997192383, 0.9697085022926331, 1.0]], "pc1_variance": [0.10794007778167725, 0.11967939138412476, 0.14656223356723785, 0.16784517467021942, 0.17654798924922943, 0.21417556703090668, 0.2296571284532547, 0.2531057298183441], "probe_accuracy_per_layer": null}, "cka_trained_vs_init_per_layer": [0.6261763572692871, 0.3916352391242981, 0.3342658579349518, 0.29058927297592163, 0.25052234530448914, 0.2579273283481598, 0.21867328882217407, 0.20017336308956146], "runtime_sec": 5.40968918800354}