{"config": {"input_dim": 784, "num_classes": 10, "depth": 4, "width": 2048, "init_scale": 1.0, "nonlinearity": "relu"}, "dataset": "mnist", "seed": 1, "epochs": 8, "shuffle_labels": false, "test_accuracy": 0.9922, "history": {"train_loss": [0.3159420041651544, 0.08760222606360912, 0.054653910556965966, 0.03345498434757277, 0.01909136936814382, 0.006691001896412009, 0.002627307642226589, 0.0009716636293702878], "val_acc": [0.972, 0.9812, 0.9844, 0.984, 0.9898, 0.9894, 0.992, 0.9922], "param_delta_ratio": 0.6684679079840785, "n_params": 14217226}, "trained": {"cka": [[1.0, 0.835159182548523, 0.7246891856193542, 0.6859738826751709], [0.835159182548523, 1.0, 0.9646005630493164, 0.9297909140586853], [0.7246891856193542, 0.9646005630493164, 1.0, 0.9830895662307739], [0.6859738826751709, 0.9297909140586853, 0.9830895662307739, 1.0]], "cosine": [[1.0, 0.0038810442201793194, 0.010480018332600594, 0.016743425279855728], [0.0038810442201793194, 1.0, 0.019032619893550873, 0.02019326761364937], [0.010480018332600594, 0.019032619893550873, 1.0, 0.038354333490133286], [0.016743425279855728, 0.02019326761364937, 0.038354333490133286, 1.0]], "procrustes": [[1.0, 0.8325685262680054, 0.6594563126564026, 0.5962631702423096], [0.8325685262680054, 1.0, 0.9304418563842773, 0.8829603791236877], [0.6594563126564026, 0.9304418563842773, 1.0, 0.9858266115188599], [0.5962631702423096, 0.8829603791236877, 0.9858266115188599, 1.0]], "pc1_variance": [0.08375557512044907, 0.15866118669509888, 0.2034984529018402, 0.2116025984287262], "probe_accuracy_per_layer": [0.956000030040741, 0.9720000624656677, 0.9755000472068787, 0.9740000367164612]}, "init": {"cka": [[1.0, 0.9768050909042358, 0.9344358444213867, 0.895343542098999], [0.9768050909042358, 1.0, 0.970277726650238, 0.936887800693512], [0.9344358444213867, 0.970277726650238, 1.0, 0.9751661419868469], [0.895343542098999, 0.936887800693512, 0.9751661419868469, 1.0]], "cosine": [[1.0, 0.016048895195126534, 0.019244998693466187, 0.01790558733046055], [0.016048895195126534, 1.0, 0.020008526742458344, 0.020636968314647675], [0.019244998693466187, 0.020008526742458344, 1.0, 0.024730559438467026], [0.01790558733046055, 0.020636968314647675, 0.024730559438467026, 1.0]], "procrustes": [[1.0, 0.9411969780921936, 0.8924022912979126, 0.8519257307052612], [0.9411969780921936, 1.0, 0.9313602447509766, 0.8824131488800049], [0.8924022912979126, 0.9313602447509766, 1.0, 0.9282907247543335], [0.8519257307052612, 0.8824131488800049, 0.9282907247543335, 1.0]], "pc1_variance": [0.08916907012462616, 0.09178108721971512, 0.0991445928812027, 0.10455203801393509], "probe_accuracy_per_layer": null}, "cka_trained_vs_init_per_layer": [0.8149445652961731, 0.5342077016830444, 0.42072904109954834, 0.38162779808044434], "runtime_sec": 56.59158277511597}