{"config": {"input_dim": 784, "num_classes": 10, "depth": 4, "width": 2048, "init_scale": 1.0, "nonlinearity": "relu"}, "dataset": "mnist", "seed": 0, "epochs": 8, "shuffle_labels": false, "test_accuracy": 0.9916, "history": {"train_loss": [0.3172608727936522, 0.08821709537720782, 0.05495713059237953, 0.03482500009112439, 0.018627754239941615, 0.0062988786163968745, 0.0020946993057096132, 0.0010299618916795195], "val_acc": [0.975, 0.979, 0.987, 0.9878, 0.9902, 0.9902, 0.9918, 0.9916], "param_delta_ratio": 0.6607684799080864, "n_params": 14217226}, "trained": {"cka": [[1.0, 0.8277397155761719, 0.7215353846549988, 0.6959877014160156], [0.8277397155761719, 1.0, 0.9672353863716125, 0.939010739326477], [0.7215353846549988, 0.9672353863716125, 1.0, 0.9857439994812012], [0.6959877014160156, 0.939010739326477, 0.9857439994812012, 1.0]], "cosine": [[1.0, 0.013493667356669903, 0.007756476290524006, 0.006185672711580992], [0.013493667356669903, 1.0, 0.03035903535783291, 0.03388016298413277], [0.007756476290524006, 0.03035903535783291, 1.0, 0.02286571078002453], [0.006185672711580992, 0.03388016298413277, 0.02286571078002453, 1.0]], "procrustes": [[1.0, 0.830710232257843, 0.6574395298957825, 0.6006286144256592], [0.830710232257843, 1.0, 0.9305797815322876, 0.8871093988418579], [0.6574395298957825, 0.9305797815322876, 1.0, 0.9874506592750549], [0.6006286144256592, 0.8871093988418579, 0.9874506592750549, 1.0]], "pc1_variance": [0.07766938954591751, 0.15717439353466034, 0.22617536783218384, 0.2550024390220642], "probe_accuracy_per_layer": [0.9535000324249268, 0.9740000367164612, 0.9750000238418579, 0.9775000214576721]}, "init": {"cka": [[1.0, 0.9770640134811401, 0.9420945644378662, 0.8995660543441772], [0.9770640134811401, 1.0, 0.9724124073982239, 0.938554048538208], [0.9420945644378662, 0.9724124073982239, 1.0, 0.9722123742103577], [0.8995660543441772, 0.938554048538208, 0.9722123742103577, 1.0]], "cosine": [[1.0, 0.01803746074438095, 0.015426467172801495, 0.015759356319904327], [0.01803746074438095, 1.0, 0.014362931251525879, 0.020226934924721718], [0.015426467172801495, 0.014362931251525879, 1.0, 0.024264205247163773], [0.015759356319904327, 0.020226934924721718, 0.024264205247163773, 1.0]], "procrustes": [[1.0, 0.9410719871520996, 0.894450306892395, 0.8561485409736633], [0.9410719871520996, 1.0, 0.9327903985977173, 0.8863146305084229], [0.894450306892395, 0.9327903985977173, 1.0, 0.9316749572753906], [0.8561485409736633, 0.8863146305084229, 0.9316749572753906, 1.0]], "pc1_variance": [0.08984868228435516, 0.08460408449172974, 0.08693405240774155, 0.09541697055101395], "probe_accuracy_per_layer": null}, "cka_trained_vs_init_per_layer": [0.8122256994247437, 0.5322748422622681, 0.4206010103225708, 0.3826357424259186], "runtime_sec": 62.63279128074646}