{"config": {"input_dim": 784, "num_classes": 10, "depth": 8, "width": 512, "init_scale": 1.0, "nonlinearity": "relu"}, "dataset": "mnist", "seed": 0, "epochs": 8, "shuffle_labels": false, "test_accuracy": 0.9906, "history": {"train_loss": [0.6545900602714491, 0.14403348873858735, 0.0879841554215399, 0.058798214452246485, 0.037973991445249926, 0.019988917236579425, 0.009637751210070515, 0.005493749562015568], "val_acc": [0.959, 0.9676, 0.9796, 0.9844, 0.9882, 0.9896, 0.9906, 0.9906], "param_delta_ratio": 0.47777963449332533, "n_params": 2245642}, "trained": {"cka": [[1.0, 0.829275906085968, 0.6886258125305176, 0.6482114195823669, 0.620316207408905, 0.6070259213447571, 0.6178765892982483, 0.6206958889961243], [0.829275906085968, 1.0, 0.9473435878753662, 0.9009614586830139, 0.867487907409668, 0.8533247113227844, 0.8652887940406799, 0.8733797669410706], [0.6886258125305176, 0.9473435878753662, 1.0, 0.9804142713546753, 0.95395827293396, 0.9442915320396423, 0.9531736373901367, 0.9561561942100525], [0.6482114195823669, 0.9009614586830139, 0.9804142713546753, 1.0, 0.9917568564414978, 0.9860528707504272, 0.9872300028800964, 0.9789291024208069], [0.620316207408905, 0.867487907409668, 0.95395827293396, 0.9917568564414978, 1.0, 0.9977148175239563, 0.9944736361503601, 0.9782570600509644], [0.6070259213447571, 0.8533247113227844, 0.9442915320396423, 0.9860528707504272, 0.9977148175239563, 1.0, 0.9960288405418396, 0.9784703850746155], [0.6178765892982483, 0.8652887940406799, 0.9531736373901367, 0.9872300028800964, 0.9944736361503601, 0.9960288405418396, 1.0, 0.9897851347923279], [0.6206958889961243, 0.8733797669410706, 0.9561561942100525, 0.9789291024208069, 0.9782570600509644, 0.9784703850746155, 0.9897851347923279, 1.0]], "cosine": [[1.0, 0.01934797689318657, 0.008631732314825058, 0.02263813093304634, 0.0215412937104702, 0.012252728454768658, 0.008389893919229507, 0.014535058289766312], [0.01934797689318657, 1.0, 0.02503383718430996, 0.05850738286972046, 0.06692001968622208, 0.027375701814889908, 0.019123738631606102, 0.027894476428627968], [0.008631732314825058, 0.02503383718430996, 1.0, 0.06824690103530884, 0.08293077349662781, 0.09452609717845917, 0.047246940433979034, 0.04054660722613335], [0.02263813093304634, 0.05850738286972046, 0.06824690103530884, 1.0, 0.08822470158338547, 0.06331153213977814, 0.07786720246076584, 0.08420682698488235], [0.0215412937104702, 0.06692001968622208, 0.08293077349662781, 0.08822470158338547, 1.0, 0.09104648232460022, 0.06432278454303741, 0.035629887133836746], [0.012252728454768658, 0.027375701814889908, 0.09452609717845917, 0.06331153213977814, 0.09104648232460022, 1.0, 0.052219077944755554, 0.08311852812767029], [0.008389893919229507, 0.019123738631606102, 0.047246940433979034, 0.07786720246076584, 0.06432278454303741, 0.052219077944755554, 1.0, 0.06361676007509232], [0.014535058289766312, 0.027894476428627968, 0.04054660722613335, 0.08420682698488235, 0.035629887133836746, 0.08311852812767029, 0.06361676007509232, 1.0]], "procrustes": [[1.0, 0.8604220747947693, 0.7033631801605225, 0.6237139701843262, 0.58780437707901, 0.5752348303794861, 0.5814040303230286, 0.5837891697883606], [0.8604220747947693, 1.0, 0.9146122336387634, 0.8484513759613037, 0.8125292658805847, 0.7991259098052979, 0.8072742223739624, 0.8112390637397766], [0.7033631801605225, 0.9146122336387634, 1.0, 0.9781074523925781, 0.9560427069664001, 0.946681559085846, 0.9531227350234985, 0.9544082283973694], [0.6237139701843262, 0.8484513759613037, 0.9781074523925781, 1.0, 0.9935145378112793, 0.9887125492095947, 0.9898412823677063, 0.9854353666305542], [0.58780437707901, 0.8125292658805847, 0.9560427069664001, 0.9935145378112793, 1.0, 0.9980418682098389, 0.9954593777656555, 0.986607551574707], [0.5752348303794861, 0.7991259098052979, 0.946681559085846, 0.9887125492095947, 0.9980418682098389, 1.0, 0.99689120054245, 0.9875158071517944], [0.5814040303230286, 0.8072742223739624, 0.9531227350234985, 0.9898412823677063, 0.9954593777656555, 0.99689120054245, 1.0, 0.9952667355537415], [0.5837891697883606, 0.8112390637397766, 0.9544082283973694, 0.9854353666305542, 0.986607551574707, 0.9875158071517944, 0.9952667355537415, 1.0]], "pc1_variance": [0.10359286516904831, 0.17425204813480377, 0.2481873780488968, 0.2852793037891388, 0.3130730390548706, 0.32594799995422363, 0.3088645339012146, 0.29890158772468567], "probe_accuracy_per_layer": [0.9595000743865967, 0.9690000414848328, 0.9705000519752502, 0.9765000343322754, 0.9790000319480896, 0.9790000319480896, 0.9795000553131104, 0.9805000424385071]}, "init": {"cka": [[1.0, 0.9293965101242065, 0.8648005723953247, 0.8097071051597595, 0.7691325545310974, 0.7322583198547363, 0.7025563716888428, 0.6738314628601074], [0.9293965101242065, 1.0, 0.9360043406486511, 0.8800478577613831, 0.8346141576766968, 0.7915717363357544, 0.7539119124412537, 0.7214708924293518], [0.8648005723953247, 0.9360043406486511, 1.0, 0.9394969344139099, 0.8897777199745178, 0.8412962555885315, 0.7958338856697083, 0.7555562257766724], [0.8097071051597595, 0.8800478577613831, 0.9394969344139099, 1.0, 0.9440006613731384, 0.8915590643882751, 0.847442626953125, 0.7993689179420471], [0.7691325545310974, 0.8346141576766968, 0.8897777199745178, 0.9440006613731384, 1.0, 0.9425145983695984, 0.8958284258842468, 0.8458589911460876], [0.7322583198547363, 0.7915717363357544, 0.8412962555885315, 0.8915590643882751, 0.9425145983695984, 1.0, 0.9445430636405945, 0.8932470083236694], [0.7025563716888428, 0.7539119124412537, 0.7958338856697083, 0.847442626953125, 0.8958284258842468, 0.9445430636405945, 1.0, 0.9497778415679932], [0.6738314628601074, 0.7214708924293518, 0.7555562257766724, 0.7993689179420471, 0.8458589911460876, 0.8932470083236694, 0.9497778415679932, 1.0]], "cosine": [[1.0, 0.020613012835383415, 0.013229119591414928, 0.03094593435525894, -0.0017887384165078402, -0.001922082039527595, 0.0008226032950915396, -0.006801212206482887], [0.020613012835383415, 1.0, 0.014503090642392635, 0.015961062163114548, 0.012963611632585526, -0.005508958362042904, 0.00024304157705046237, -0.01087383832782507], [0.013229119591414928, 0.014503090642392635, 1.0, 0.03146006539463997, 0.0031094024889171124, 0.0008365327375940979, -0.007351926993578672, -0.013209119439125061], [0.03094593435525894, 0.015961062163114548, 0.03146006539463997, 1.0, 0.026342077180743217, 0.0030349153093993664, 0.0016682443674653769, -0.00861434917896986], [-0.0017887384165078402, 0.012963611632585526, 0.0031094024889171124, 0.026342077180743217, 1.0, 0.004412984941154718, -0.011834989301860332, -0.002628734102472663], [-0.001922082039527595, -0.005508958362042904, 0.0008365327375940979, 0.0030349153093993664, 0.004412984941154718, 1.0, -0.010466688312590122, 0.006089347880333662], [0.0008226032950915396, 0.00024304157705046237, -0.007351926993578672, 0.0016682443674653769, -0.011834989301860332, -0.010466688312590122, 1.0, -0.013406386598944664], [-0.006801212206482887, -0.01087383832782507, -0.013209119439125061, -0.00861434917896986, -0.002628734102472663, 0.006089347880333662, -0.013406386598944664, 1.0]], "procrustes": [[1.0, 0.8921307921409607, 0.824192225933075, 0.7731269598007202, 0.7377142310142517, 0.7078148126602173, 0.6853933930397034, 0.6668592691421509], [0.8921307921409607, 1.0, 0.8968651294708252, 0.8300692439079285, 0.7873963117599487, 0.7515629529953003, 0.7247313857078552, 0.7032884955406189], [0.824192225933075, 0.8968651294708252, 1.0, 0.9035434722900391, 0.8513699173927307, 0.8082576990127563, 0.7762490510940552, 0.750634491443634], [0.7731269598007202, 0.8300692439079285, 0.9035434722900391, 1.0, 0.9292768239974976, 0.87746661901474, 0.8405537605285645, 0.8106893301010132], [0.7377142310142517, 0.7873963117599487, 0.8513699173927307, 0.9292768239974976, 1.0, 0.9385450482368469, 0.8982162475585938, 0.8659394383430481], [0.7078148126602173, 0.7515629529953003, 0.8082576990127563, 0.87746661901474, 0.9385450482368469, 1.0, 0.954242467880249, 0.9197597503662109], [0.6853933930397034, 0.7247313857078552, 0.7762490510940552, 0.8405537605285645, 0.8982162475585938, 0.954242467880249, 1.0, 0.9667931199073792], [0.6668592691421509, 0.7032884955406189, 0.750634491443634, 0.8106893301010132, 0.8659394383430481, 0.9197597503662109, 0.9667931199073792, 1.0]], "pc1_variance": [0.1013726145029068, 0.11320428550243378, 0.12345101684331894, 0.1261749565601349, 0.12488509714603424, 0.12101329863071442, 0.12292104959487915, 0.1187315285205841], "probe_accuracy_per_layer": null}, "cka_trained_vs_init_per_layer": [0.7913306951522827, 0.4882000684738159, 0.3529844284057617, 0.308761328458786, 0.26931658387184143, 0.2602449655532837, 0.27485600113868713, 0.2695409953594208], "runtime_sec": 16.08271050453186}