{"config": {"input_dim": 784, "num_classes": 10, "depth": 4, "width": 2048, "init_scale": 1.0, "nonlinearity": "relu"}, "dataset": "mnist", "seed": 2, "epochs": 8, "shuffle_labels": false, "test_accuracy": 0.9926, "history": {"train_loss": [0.33043731995305775, 0.09135474921283075, 0.05871886205938408, 0.030139992577891985, 0.017601508953040308, 0.008802004357044174, 0.0026965797359619083, 0.001204066221223418], "val_acc": [0.979, 0.9802, 0.9868, 0.9856, 0.9898, 0.991, 0.9926, 0.9926], "param_delta_ratio": 0.6723804209663581, "n_params": 14217226}, "trained": {"cka": [[1.0, 0.832755982875824, 0.7136582732200623, 0.6790129542350769], [0.832755982875824, 1.0, 0.9646848440170288, 0.93508380651474], [0.7136582732200623, 0.9646848440170288, 1.0, 0.9831762313842773], [0.6790129542350769, 0.93508380651474, 0.9831762313842773, 1.0]], "cosine": [[1.0, 0.0065147243440151215, 0.005012030713260174, 0.024038435891270638], [0.0065147243440151215, 1.0, 0.031285613775253296, 0.039593134075403214], [0.005012030713260174, 0.031285613775253296, 1.0, 0.04571238160133362], [0.024038435891270638, 0.039593134075403214, 0.04571238160133362, 1.0]], "procrustes": [[1.0, 0.8356408476829529, 0.6596255898475647, 0.5994206070899963], [0.8356408476829529, 1.0, 0.9275490045547485, 0.8820528388023376], [0.6596255898475647, 0.9275490045547485, 1.0, 0.9863085746765137], [0.5994206070899963, 0.8820528388023376, 0.9863085746765137, 1.0]], "pc1_variance": [0.08692532777786255, 0.1527952402830124, 0.19757457077503204, 0.21517781913280487], "probe_accuracy_per_layer": [0.9565000534057617, 0.971500039100647, 0.971000075340271, 0.9720000624656677]}, "init": {"cka": [[1.0, 0.9759053587913513, 0.943872332572937, 0.9085446000099182], [0.9759053587913513, 1.0, 0.9725080728530884, 0.9398782253265381], [0.943872332572937, 0.9725080728530884, 1.0, 0.9728891253471375], [0.9085446000099182, 0.9398782253265381, 0.9728891253471375, 1.0]], "cosine": [[1.0, 0.011917379684746265, 0.018323950469493866, 0.015780724585056305], [0.011917379684746265, 1.0, 0.019108664244413376, 0.01751520298421383], [0.018323950469493866, 0.019108664244413376, 1.0, 0.01903478242456913], [0.015780724585056305, 0.01751520298421383, 0.01903478242456913, 1.0]], "procrustes": [[1.0, 0.9406923055648804, 0.895215630531311, 0.8549946546554565], [0.9406923055648804, 1.0, 0.9336289167404175, 0.8851331472396851], [0.895215630531311, 0.9336289167404175, 1.0, 0.9293866157531738], [0.8549946546554565, 0.8851331472396851, 0.9293866157531738, 1.0]], "pc1_variance": [0.08747312426567078, 0.08034520596265793, 0.08683525770902634, 0.08978579938411713], "probe_accuracy_per_layer": null}, "cka_trained_vs_init_per_layer": [0.8039695620536804, 0.5309542417526245, 0.41703739762306213, 0.38282784819602966], "runtime_sec": 63.983015060424805}