{"config": {"input_dim": 784, "num_classes": 10, "depth": 8, "width": 2048, "init_scale": 1.0, "nonlinearity": "relu"}, "dataset": "mnist", "seed": 1, "epochs": 8, "shuffle_labels": false, "test_accuracy": 0.9892, "history": {"train_loss": [1.5738469847178056, 0.3315885473610991, 0.1328037210377091, 0.07701404703686297, 0.050639671344562605, 0.028815407546679096, 0.016215680062502496, 0.009585195064142156], "val_acc": [0.7158, 0.9522, 0.9798, 0.9794, 0.9876, 0.9872, 0.9872, 0.9892], "param_delta_ratio": 0.5976040509581879, "n_params": 31002634}, "trained": {"cka": [[1.0, 0.607758104801178, 0.41649511456489563, 0.4014281630516052, 0.4122322201728821, 0.4497658312320709, 0.5023347735404968, 0.5324344635009766], [0.607758104801178, 1.0, 0.9325222373008728, 0.9142382740974426, 0.9211404323577881, 0.9348242878913879, 0.9370692372322083, 0.9095605611801147], [0.41649511456489563, 0.9325222373008728, 1.0, 0.9950973987579346, 0.9914267063140869, 0.9819263815879822, 0.9437379837036133, 0.8818966746330261], [0.4014281630516052, 0.9142382740974426, 0.9950973987579346, 1.0, 0.9977787733078003, 0.9888684749603271, 0.9501314759254456, 0.887262761592865], [0.4122322201728821, 0.9211404323577881, 0.9914267063140869, 0.9977787733078003, 1.0, 0.9936757683753967, 0.9621630311012268, 0.904977560043335], [0.4497658312320709, 0.9348242878913879, 0.9819263815879822, 0.9888684749603271, 0.9936757683753967, 1.0, 0.9805083870887756, 0.9298474788665771], [0.5023347735404968, 0.9370692372322083, 0.9437379837036133, 0.9501314759254456, 0.9621630311012268, 0.9805083870887756, 1.0, 0.9778725504875183], [0.5324344635009766, 0.9095605611801147, 0.8818966746330261, 0.887262761592865, 0.904977560043335, 0.9298474788665771, 0.9778725504875183, 1.0]], "cosine": [[1.0, 0.013975958339869976, 0.015703603625297546, 0.006569182500243187, 0.006272122263908386, 0.00703481724485755, 0.016507873311638832, 0.004399847239255905], [0.013975958339869976, 1.0, 0.04371734708547592, 0.03862418606877327, 0.034808702766895294, 0.026447588577866554, 0.03639158979058266, 0.028703151270747185], [0.015703603625297546, 0.04371734708547592, 1.0, 0.07646588981151581, 0.05729318782687187, 0.0407295897603035, 0.0245053768157959, 0.016028299927711487], [0.006569182500243187, 0.03862418606877327, 0.07646588981151581, 1.0, 0.03818044811487198, 0.017429109662771225, 0.021158860996365547, 0.03614603728055954], [0.006272122263908386, 0.034808702766895294, 0.05729318782687187, 0.03818044811487198, 1.0, 0.02841571345925331, 0.0273244958370924, 0.033789440989494324], [0.00703481724485755, 0.026447588577866554, 0.0407295897603035, 0.017429109662771225, 0.02841571345925331, 1.0, 0.01717142015695572, 0.04057503491640091], [0.016507873311638832, 0.03639158979058266, 0.0245053768157959, 0.021158860996365547, 0.0273244958370924, 0.01717142015695572, 1.0, 0.05927744507789612], [0.004399847239255905, 0.028703151270747185, 0.016028299927711487, 0.03614603728055954, 0.033789440989494324, 0.04057503491640091, 0.05927744507789612, 1.0]], "procrustes": [[1.0, 0.7359465956687927, 0.4922902584075928, 0.43432945013046265, 0.43857279419898987, 0.47572267055511475, 0.5114334225654602, 0.5241206288337708], [0.7359465956687927, 1.0, 0.8893812894821167, 0.83832848072052, 0.8439367413520813, 0.8688327074050903, 0.8786592483520508, 0.8687911629676819], [0.4922902584075928, 0.8893812894821167, 1.0, 0.9886897802352905, 0.9837525486946106, 0.9686168432235718, 0.9292042255401611, 0.887073278427124], [0.43432945013046265, 0.83832848072052, 0.9886897802352905, 1.0, 0.996492862701416, 0.9770863652229309, 0.929466962814331, 0.881772518157959], [0.43857279419898987, 0.8439367413520813, 0.9837525486946106, 0.996492862701416, 1.0, 0.9879737496376038, 0.9482603669166565, 0.9051976799964905], [0.47572267055511475, 0.8688327074050903, 0.9686168432235718, 0.9770863652229309, 0.9879737496376038, 1.0, 0.9819605350494385, 0.9496866464614868], [0.5114334225654602, 0.8786592483520508, 0.9292042255401611, 0.929466962814331, 0.9482603669166565, 0.9819605350494385, 1.0, 0.9874305725097656], [0.5241206288337708, 0.8687911629676819, 0.887073278427124, 0.881772518157959, 0.9051976799964905, 0.9496866464614868, 0.9874305725097656, 1.0]], "pc1_variance": [0.1044437438249588, 0.4260016679763794, 0.7862383127212524, 0.8193851113319397, 0.7844091653823853, 0.6693817973136902, 0.5456713438034058, 0.47826436161994934], "probe_accuracy_per_layer": [0.9535000324249268, 0.9700000286102295, 0.9770000576972961, 0.9755000472068787, 0.9745000600814819, 0.9775000214576721, 0.9770000576972961, 0.9665000438690186]}, "init": {"cka": [[1.0, 0.9768050909042358, 0.9344358444213867, 0.895343542098999, 0.8741776943206787, 0.8479509353637695, 0.8264069557189941, 0.8114275336265564], [0.9768050909042358, 1.0, 0.970277726650238, 0.936887800693512, 0.9145069718360901, 0.888696014881134, 0.8685299158096313, 0.8522786498069763], [0.9344358444213867, 0.970277726650238, 1.0, 0.9751661419868469, 0.9519445896148682, 0.9269290566444397, 0.9066887497901917, 0.8880422115325928], [0.895343542098999, 0.936887800693512, 0.9751661419868469, 1.0, 0.9752889275550842, 0.9504793286323547, 0.9309125542640686, 0.910903811454773], [0.8741776943206787, 0.9145069718360901, 0.9519445896148682, 0.9752889275550842, 1.0, 0.975162923336029, 0.954595148563385, 0.9332619905471802], [0.8479509353637695, 0.888696014881134, 0.9269290566444397, 0.9504793286323547, 0.975162923336029, 1.0, 0.9785791039466858, 0.9552415013313293], [0.8264069557189941, 0.8685299158096313, 0.9066887497901917, 0.9309125542640686, 0.954595148563385, 0.9785791039466858, 1.0, 0.9748218059539795], [0.8114275336265564, 0.8522786498069763, 0.8880422115325928, 0.910903811454773, 0.9332619905471802, 0.9552415013313293, 0.9748218059539795, 1.0]], "cosine": [[1.0, 0.016048895195126534, 0.019244998693466187, 0.01790558733046055, 0.01231178268790245, 0.010024582967162132, 0.001572479959577322, 0.0029225454200059175], [0.016048895195126534, 1.0, 0.020008526742458344, 0.020636968314647675, 0.014356197789311409, 0.012533463537693024, 0.004948990419507027, 0.003194988938048482], [0.019244998693466187, 0.020008526742458344, 1.0, 0.024730559438467026, 0.016672903671860695, 0.007214317098259926, 0.00026068315492011607, 0.002577221719548106], [0.01790558733046055, 0.020636968314647675, 0.024730559438467026, 1.0, 0.014605171978473663, 0.011208759620785713, 0.0025609424337744713, 0.003564173821359873], [0.01231178268790245, 0.014356197789311409, 0.016672903671860695, 0.014605171978473663, 1.0, 0.00571249658241868, 0.0034733908250927925, 0.0015050412621349096], [0.010024582967162132, 0.012533463537693024, 0.007214317098259926, 0.011208759620785713, 0.00571249658241868, 1.0, -0.003861056873574853, -0.0004896923201158643], [0.001572479959577322, 0.004948990419507027, 0.00026068315492011607, 0.0025609424337744713, 0.0034733908250927925, -0.003861056873574853, 1.0, 0.008831987157464027], [0.0029225454200059175, 0.003194988938048482, 0.002577221719548106, 0.003564173821359873, 0.0015050412621349096, -0.0004896923201158643, 0.008831987157464027, 1.0]], "procrustes": [[1.0, 0.9411969780921936, 0.8924022912979126, 0.8519257307052612, 0.8199267387390137, 0.7926057577133179, 0.7730201482772827, 0.7558438181877136], [0.9411969780921936, 1.0, 0.9313602447509766, 0.8824131488800049, 0.845147967338562, 0.8139818906784058, 0.7915717363357544, 0.7713674902915955], [0.8924022912979126, 0.9313602447509766, 1.0, 0.9282907247543335, 0.8819599151611328, 0.8455490469932556, 0.8197300434112549, 0.796512246131897], [0.8519257307052612, 0.8824131488800049, 0.9282907247543335, 1.0, 0.9339219927787781, 0.8898606300354004, 0.8602637648582458, 0.8337110280990601], [0.8199267387390137, 0.845147967338562, 0.8819599151611328, 0.9339219927787781, 1.0, 0.9435814023017883, 0.9096488952636719, 0.8795350790023804], [0.7926057577133179, 0.8139818906784058, 0.8455490469932556, 0.8898606300354004, 0.9435814023017883, 1.0, 0.9614594578742981, 0.9285550117492676], [0.7730201482772827, 0.7915717363357544, 0.8197300434112549, 0.8602637648582458, 0.9096488952636719, 0.9614594578742981, 1.0, 0.966255247592926], [0.7558438181877136, 0.7713674902915955, 0.796512246131897, 0.8337110280990601, 0.8795350790023804, 0.9285550117492676, 0.966255247592926, 1.0]], "pc1_variance": [0.08916907012462616, 0.09178108721971512, 0.0991445928812027, 0.10455203801393509, 0.10062351822853088, 0.10221723467111588, 0.10381543636322021, 0.10147358477115631], "probe_accuracy_per_layer": null}, "cka_trained_vs_init_per_layer": [0.7593325972557068, 0.38271841406822205, 0.26887407898902893, 0.25168728828430176, 0.25813713669776917, 0.2756708264350891, 0.29863500595092773, 0.31119582056999207], "runtime_sec": 300.7266631126404}