{"config": {"input_dim": 784, "num_classes": 10, "depth": 16, "width": 128, "init_scale": 1.0, "nonlinearity": "relu"}, "dataset": "mnist", "seed": 0, "epochs": 8, "shuffle_labels": false, "test_accuracy": 0.9664, "history": {"train_loss": [1.8928790112673226, 1.2312799015287625, 0.7481592860767396, 0.3631696147938906, 0.2509284669817504, 0.1937636090284687, 0.1692291251304796, 0.14595119872967066], "val_acc": [0.3014, 0.6812, 0.8946, 0.943, 0.9582, 0.9636, 0.9638, 0.9664], "param_delta_ratio": 0.5525921004148358, "n_params": 349450}, "trained": {"cka": [[1.0, 0.8554631471633911, 0.7242556214332581, 0.5804831981658936, 0.517750084400177, 0.4772647023200989, 0.48528504371643066, 0.47897911071777344, 0.45638400316238403, 0.4322700500488281, 0.4374459981918335, 0.4665657579898834, 0.49388939142227173, 0.45693591237068176, 0.42776328325271606, 0.4142397344112396], [0.8554631471633911, 1.0, 0.9035030603408813, 0.7521651387214661, 0.6805244088172913, 0.629452645778656, 0.636267900466919, 0.6201509833335876, 0.5868837237358093, 0.553393542766571, 0.5595119595527649, 0.5944916009902954, 0.6269940733909607, 0.5842833518981934, 0.535023033618927, 0.5147437453269958], [0.7242556214332581, 0.9035030603408813, 1.0, 0.9057892560958862, 0.8371061086654663, 0.7846516966819763, 0.788264811038971, 0.7772277593612671, 0.7363168001174927, 0.6939679384231567, 0.6963013410568237, 0.7345477342605591, 0.7749768495559692, 0.7290565967559814, 0.6782376766204834, 0.6584345102310181], [0.5804831981658936, 0.7521651387214661, 0.9057892560958862, 1.0, 0.9866024851799011, 0.9670496582984924, 0.9660390615463257, 0.9532914757728577, 0.9126367568969727, 0.8705496788024902, 0.8692225813865662, 0.8991494178771973, 0.934444785118103, 0.9062372446060181, 0.8421424627304077, 0.8193312287330627], [0.517750084400177, 0.6805244088172913, 0.8371061086654663, 0.9866024851799011, 1.0, 0.9909291863441467, 0.9816733002662659, 0.9600754380226135, 0.9150756001472473, 0.8715627789497375, 0.8694783449172974, 0.8983134627342224, 0.9374966025352478, 0.9191179871559143, 0.8500373363494873, 0.8263744115829468], [0.4772647023200989, 0.629452645778656, 0.7846516966819763, 0.9670496582984924, 0.9909291863441467, 1.0, 0.9925674796104431, 0.973783552646637, 0.9414337873458862, 0.906596302986145, 0.9030728340148926, 0.9238117337226868, 0.9565785527229309, 0.9541116952896118, 0.8969110250473022, 0.8786051869392395], [0.48528504371643066, 0.636267900466919, 0.788264811038971, 0.9660390615463257, 0.9816733002662659, 0.9925674796104431, 1.0, 0.9930897355079651, 0.9707921147346497, 0.9402077198028564, 0.9382647275924683, 0.9566810131072998, 0.9784556031227112, 0.9670251607894897, 0.9148296117782593, 0.8914358019828796], [0.47897911071777344, 0.6201509833335876, 0.7772277593612671, 0.9532914757728577, 0.9600754380226135, 0.973783552646637, 0.9930897355079651, 1.0, 0.9870649576187134, 0.9619551301002502, 0.9604358077049255, 0.9761374592781067, 0.9879087805747986, 0.9692479372024536, 0.9222586750984192, 0.897773265838623], [0.45638400316238403, 0.5868837237358093, 0.7363168001174927, 0.9126367568969727, 0.9150756001472473, 0.9414337873458862, 0.9707921147346497, 0.9870649576187134, 1.0, 0.9926010966300964, 0.9916662573814392, 0.9955216646194458, 0.9879476428031921, 0.9813709855079651, 0.9543439745903015, 0.9353740215301514], [0.4322700500488281, 0.553393542766571, 0.6939679384231567, 0.8705496788024902, 0.8715627789497375, 0.906596302986145, 0.9402077198028564, 0.9619551301002502, 0.9926010966300964, 1.0, 0.9995266199111938, 0.994461715221405, 0.9714651107788086, 0.9750342965126038, 0.9583073854446411, 0.9467560052871704], [0.4374459981918335, 0.5595119595527649, 0.6963013410568237, 0.8692225813865662, 0.8694783449172974, 0.9030728340148926, 0.9382647275924683, 0.9604358077049255, 0.9916662573814392, 0.9995266199111938, 1.0, 0.9957759976387024, 0.9718193411827087, 0.9724275469779968, 0.9549311995506287, 0.9414516687393188], [0.4665657579898834, 0.5944916009902954, 0.7345477342605591, 0.8991494178771973, 0.8983134627342224, 0.9238117337226868, 0.9566810131072998, 0.9761374592781067, 0.9955216646194458, 0.994461715221405, 0.9957759976387024, 1.0, 0.9873895049095154, 0.976616382598877, 0.9511626362800598, 0.9304649233818054], [0.49388939142227173, 0.6269940733909607, 0.7749768495559692, 0.934444785118103, 0.9374966025352478, 0.9565785527229309, 0.9784556031227112, 0.9879087805747986, 0.9879476428031921, 0.9714651107788086, 0.9718193411827087, 0.9873895049095154, 1.0, 0.9845556616783142, 0.9547165632247925, 0.9270110726356506], [0.45693591237068176, 0.5842833518981934, 0.7290565967559814, 0.9062372446060181, 0.9191179871559143, 0.9541116952896118, 0.9670251607894897, 0.9692479372024536, 0.9813709855079651, 0.9750342965126038, 0.9724275469779968, 0.976616382598877, 0.9845556616783142, 1.0, 0.9845600128173828, 0.9729256629943848], [0.42776328325271606, 0.535023033618927, 0.6782376766204834, 0.8421424627304077, 0.8500373363494873, 0.8969110250473022, 0.9148296117782593, 0.9222586750984192, 0.9543439745903015, 0.9583073854446411, 0.9549311995506287, 0.9511626362800598, 0.9547165632247925, 0.9845600128173828, 1.0, 0.9913361668586731], [0.4142397344112396, 0.5147437453269958, 0.6584345102310181, 0.8193312287330627, 0.8263744115829468, 0.8786051869392395, 0.8914358019828796, 0.897773265838623, 0.9353740215301514, 0.9467560052871704, 0.9414516687393188, 0.9304649233818054, 0.9270110726356506, 0.9729256629943848, 0.9913361668586731, 1.0]], "cosine": [[1.0, 0.10103648900985718, 0.10408277064561844, 0.09867862612009048, 0.09449074417352676, 0.11100951582193375, 0.1006465032696724, 0.09530282020568848, 0.10490800440311432, 0.08889832347631454, 0.07797040790319443, 0.09020306169986725, 0.11781328916549683, 0.10592485964298248, 0.09763495624065399, 0.09022750705480576], [0.10103648900985718, 1.0, 0.1773548424243927, 0.2169487476348877, 0.24029108881950378, 0.1999349296092987, 0.19008798897266388, 0.1960403174161911, 0.1938803344964981, 0.14750458300113678, 0.14813882112503052, 0.21950706839561462, 0.16223543882369995, 0.1555643081665039, 0.1401480883359909, 0.1831579953432083], [0.10408277064561844, 0.1773548424243927, 1.0, 0.2741672098636627, 0.23995111882686615, 0.3052595257759094, 0.27993348240852356, 0.22934992611408234, 0.2044350951910019, 0.2304488718509674, 0.23056386411190033, 0.2135319709777832, 0.21017655730247498, 0.21134677529335022, 0.24834908545017242, 0.21326395869255066], [0.09867862612009048, 0.2169487476348877, 0.2741672098636627, 1.0, 0.3005703091621399, 0.3056868612766266, 0.31159794330596924, 0.2632931172847748, 0.21963036060333252, 0.249979630112648, 0.20087426900863647, 0.2544858455657959, 0.2877281904220581, 0.20852696895599365, 0.2476617842912674, 0.2931390106678009], [0.09449074417352676, 0.24029108881950378, 0.23995111882686615, 0.3005703091621399, 1.0, 0.35481250286102295, 0.27744612097740173, 0.24149970710277557, 0.27747923135757446, 0.24823783338069916, 0.30379706621170044, 0.26926347613334656, 0.2869669497013092, 0.27782315015792847, 0.2527948021888733, 0.2281932532787323], [0.11100951582193375, 0.1999349296092987, 0.3052595257759094, 0.3056868612766266, 0.35481250286102295, 1.0, 0.2382660061120987, 0.18034248054027557, 0.19817765057086945, 0.16745293140411377, 0.19423793256282806, 0.2734765410423279, 0.29485154151916504, 0.19443492591381073, 0.3343234956264496, 0.22425253689289093], [0.1006465032696724, 0.19008798897266388, 0.27993348240852356, 0.31159794330596924, 0.27744612097740173, 0.2382660061120987, 1.0, 0.31011006236076355, 0.188187837600708, 0.24670255184173584, 0.1859443485736847, 0.24137474596500397, 0.2110489010810852, 0.18005062639713287, 0.2442232370376587, 0.222202330827713], [0.09530282020568848, 0.1960403174161911, 0.22934992611408234, 0.2632931172847748, 0.24149970710277557, 0.18034248054027557, 0.31011006236076355, 1.0, 0.277472585439682, 0.30309730768203735, 0.2903415560722351, 0.2429550290107727, 0.2095451056957245, 0.1795821189880371, 0.21274828910827637, 0.23188231885433197], [0.10490800440311432, 0.1938803344964981, 0.2044350951910019, 0.21963036060333252, 0.27747923135757446, 0.19817765057086945, 0.188187837600708, 0.277472585439682, 1.0, 0.3144272565841675, 0.30952030420303345, 0.1887642741203308, 0.22578944265842438, 0.20071911811828613, 0.2114938199520111, 0.195461243391037], [0.08889832347631454, 0.14750458300113678, 0.2304488718509674, 0.249979630112648, 0.24823783338069916, 0.16745293140411377, 0.24670255184173584, 0.30309730768203735, 0.3144272565841675, 1.0, 0.22616888582706451, 0.20336973667144775, 0.18105299770832062, 0.20101936161518097, 0.18455089628696442, 0.24049027264118195], [0.07797040790319443, 0.14813882112503052, 0.23056386411190033, 0.20087426900863647, 0.30379706621170044, 0.19423793256282806, 0.1859443485736847, 0.2903415560722351, 0.30952030420303345, 0.22616888582706451, 1.0, 0.2849980294704437, 0.30075007677078247, 0.2496194690465927, 0.26633220911026, 0.24344967305660248], [0.09020306169986725, 0.21950706839561462, 0.2135319709777832, 0.2544858455657959, 0.26926347613334656, 0.2734765410423279, 0.24137474596500397, 0.2429550290107727, 0.1887642741203308, 0.20336973667144775, 0.2849980294704437, 1.0, 0.26142561435699463, 0.208628311753273, 0.23986336588859558, 0.21240437030792236], [0.11781328916549683, 0.16223543882369995, 0.21017655730247498, 0.2877281904220581, 0.2869669497013092, 0.29485154151916504, 0.2110489010810852, 0.2095451056957245, 0.22578944265842438, 0.18105299770832062, 0.30075007677078247, 0.26142561435699463, 1.0, 0.2423320710659027, 0.20654277503490448, 0.18847282230854034], [0.10592485964298248, 0.1555643081665039, 0.21134677529335022, 0.20852696895599365, 0.27782315015792847, 0.19443492591381073, 0.18005062639713287, 0.1795821189880371, 0.20071911811828613, 0.20101936161518097, 0.2496194690465927, 0.208628311753273, 0.2423320710659027, 1.0, 0.18965692818164825, 0.18189774453639984], [0.09763495624065399, 0.1401480883359909, 0.24834908545017242, 0.2476617842912674, 0.2527948021888733, 0.3343234956264496, 0.2442232370376587, 0.21274828910827637, 0.2114938199520111, 0.18455089628696442, 0.26633220911026, 0.23986336588859558, 0.20654277503490448, 0.18965692818164825, 1.0, 0.1496468484401703], [0.09022750705480576, 0.1831579953432083, 0.21326395869255066, 0.2931390106678009, 0.2281932532787323, 0.22425253689289093, 0.222202330827713, 0.23188231885433197, 0.195461243391037, 0.24049027264118195, 0.24344967305660248, 0.21240437030792236, 0.18847282230854034, 0.18189774453639984, 0.1496468484401703, 1.0]], "procrustes": [[1.0, 0.8735858798027039, 0.7249808311462402, 0.6031427383422852, 0.5402258634567261, 0.5023123621940613, 0.5116082429885864, 0.5098466873168945, 0.5003169178962708, 0.48891544342041016, 0.49018245935440063, 0.5052299499511719, 0.5248922109603882, 0.5243859887123108, 0.5199644565582275, 0.5306739807128906], [0.8735858798027039, 1.0, 0.917241096496582, 0.8135157227516174, 0.7471812963485718, 0.7022289633750916, 0.7131213545799255, 0.7072697281837463, 0.6922353506088257, 0.6758974194526672, 0.6770731806755066, 0.6971858143806458, 0.721834123134613, 0.7191760540008545, 0.7056636214256287, 0.7106045484542847], [0.7249808311462402, 0.917241096496582, 1.0, 0.9503464102745056, 0.8945021629333496, 0.8513066172599792, 0.861585259437561, 0.8574644327163696, 0.8394548892974854, 0.8199930191040039, 0.8184927701950073, 0.8412096500396729, 0.8691916465759277, 0.8635527491569519, 0.8498778343200684, 0.8483716249465942], [0.6031427383422852, 0.8135157227516174, 0.9503464102745056, 1.0, 0.9859979748725891, 0.9663265347480774, 0.9705573916435242, 0.9639718532562256, 0.9466758966445923, 0.927849292755127, 0.925835371017456, 0.9425116181373596, 0.9625298976898193, 0.9575015902519226, 0.9336496591567993, 0.9164157509803772], [0.5402258634567261, 0.7471812963485718, 0.8945021629333496, 0.9859979748725891, 1.0, 0.9939954876899719, 0.9906069040298462, 0.9780683517456055, 0.9586976766586304, 0.9386354684829712, 0.9375178217887878, 0.9519704580307007, 0.9699527621269226, 0.9670019745826721, 0.9356949329376221, 0.909613311290741], [0.5023123621940613, 0.7022289633750916, 0.8513066172599792, 0.9663265347480774, 0.9939954876899719, 1.0, 0.9955567717552185, 0.9836518168449402, 0.9686718583106995, 0.952146053314209, 0.9512874484062195, 0.961234450340271, 0.9740774631500244, 0.9750717878341675, 0.9456817507743835, 0.9175111055374146], [0.5116082429885864, 0.7131213545799255, 0.861585259437561, 0.9705573916435242, 0.9906069040298462, 0.9955567717552185, 1.0, 0.9956241250038147, 0.985602080821991, 0.9714484214782715, 0.9709742665290833, 0.9798150658607483, 0.987822949886322, 0.9839949607849121, 0.9584762454032898, 0.9288172125816345], [0.5098466873168945, 0.7072697281837463, 0.8574644327163696, 0.9639718532562256, 0.9780683517456055, 0.9836518168449402, 0.9956241250038147, 1.0, 0.9950969219207764, 0.9839843511581421, 0.9833400845527649, 0.9901713728904724, 0.992770791053772, 0.9843531250953674, 0.9627928137779236, 0.9332433938980103], [0.5003169178962708, 0.6922353506088257, 0.8394548892974854, 0.9466758966445923, 0.9586976766586304, 0.9686718583106995, 0.985602080821991, 0.9950969219207764, 1.0, 0.9963858723640442, 0.9959359169006348, 0.9970948100090027, 0.991019606590271, 0.9856414198875427, 0.9719430804252625, 0.9462499618530273], [0.48891544342041016, 0.6758974194526672, 0.8199930191040039, 0.927849292755127, 0.9386354684829712, 0.952146053314209, 0.9714484214782715, 0.9839843511581421, 0.9963858723640442, 1.0, 0.999587893486023, 0.9961103796958923, 0.9830328822135925, 0.9818408489227295, 0.9734033346176147, 0.9530993700027466], [0.49018245935440063, 0.6770731806755066, 0.8184927701950073, 0.925835371017456, 0.9375178217887878, 0.9512874484062195, 0.9709742665290833, 0.9833400845527649, 0.9959359169006348, 0.999587893486023, 1.0, 0.9971082210540771, 0.9837457537651062, 0.9813368916511536, 0.9720625877380371, 0.9501771330833435], [0.5052299499511719, 0.6971858143806458, 0.8412096500396729, 0.9425116181373596, 0.9519704580307007, 0.961234450340271, 0.9798150658607483, 0.9901713728904724, 0.9970948100090027, 0.9961103796958923, 0.9971082210540771, 1.0, 0.9936600923538208, 0.9870321750640869, 0.9744719862937927, 0.9486284852027893], [0.5248922109603882, 0.721834123134613, 0.8691916465759277, 0.9625298976898193, 0.9699527621269226, 0.9740774631500244, 0.987822949886322, 0.992770791053772, 0.991019606590271, 0.9830328822135925, 0.9837457537651062, 0.9936600923538208, 1.0, 0.9932138323783875, 0.9793459177017212, 0.9521275162696838], [0.5243859887123108, 0.7191760540008545, 0.8635527491569519, 0.9575015902519226, 0.9670019745826721, 0.9750717878341675, 0.9839949607849121, 0.9843531250953674, 0.9856414198875427, 0.9818408489227295, 0.9813368916511536, 0.9870321750640869, 0.9932138323783875, 1.0, 0.992426872253418, 0.9760810136795044], [0.5199644565582275, 0.7056636214256287, 0.8498778343200684, 0.9336496591567993, 0.9356949329376221, 0.9456817507743835, 0.9584762454032898, 0.9627928137779236, 0.9719430804252625, 0.9734033346176147, 0.9720625877380371, 0.9744719862937927, 0.9793459177017212, 0.992426872253418, 1.0, 0.9912413358688354], [0.5306739807128906, 0.7106045484542847, 0.8483716249465942, 0.9164157509803772, 0.909613311290741, 0.9175111055374146, 0.9288172125816345, 0.9332433938980103, 0.9462499618530273, 0.9530993700027466, 0.9501771330833435, 0.9486284852027893, 0.9521275162696838, 0.9760810136795044, 0.9912413358688354, 1.0]], "pc1_variance": [0.19406218826770782, 0.35246533155441284, 0.37413761019706726, 0.5025514364242554, 0.5594277381896973, 0.6170213222503662, 0.6221713423728943, 0.6369584798812866, 0.6928869485855103, 0.7554874420166016, 0.7532118558883667, 0.6941718459129333, 0.6142625212669373, 0.6798826456069946, 0.7190199494361877, 0.7376005053520203], "probe_accuracy_per_layer": [0.9315000176429749, 0.9425000548362732, 0.9455000162124634, 0.9460000395774841, 0.940000057220459, 0.9375000596046448, 0.9320000410079956, 0.9360000491142273, 0.936500072479248, 0.936500072479248, 0.940000057220459, 0.9360000491142273, 0.9355000257492065, 0.9325000643730164, 0.940000057220459, 0.9380000233650208]}, "init": {"cka": [[1.0, 0.8259772658348083, 0.7159063816070557, 0.6328449845314026, 0.572350263595581, 0.5141574740409851, 0.4632076621055603, 0.42209485173225403, 0.39918822050094604, 0.362017959356308, 0.37073972821235657, 0.3570440709590912, 0.3502819240093231, 0.3393455743789673, 0.3097960650920868, 0.314547061920166], [0.8259772658348083, 1.0, 0.8677642941474915, 0.7525800466537476, 0.6937556266784668, 0.6289225816726685, 0.5593406558036804, 0.5052040815353394, 0.4863399863243103, 0.4408544898033142, 0.462161660194397, 0.446052223443985, 0.4474685490131378, 0.42732009291648865, 0.39013537764549255, 0.3761749267578125], [0.7159063816070557, 0.8677642941474915, 1.0, 0.88004070520401, 0.7977284789085388, 0.7360832095146179, 0.6610487103462219, 0.5878540873527527, 0.5561463236808777, 0.5011366605758667, 0.5219498872756958, 0.49783840775489807, 0.5042760372161865, 0.49037402868270874, 0.4482975900173187, 0.4372914135456085], [0.6328449845314026, 0.7525800466537476, 0.88004070520401, 1.0, 0.8821577429771423, 0.811033308506012, 0.71220862865448, 0.6614344716072083, 0.6248433589935303, 0.5764666795730591, 0.5831716656684875, 0.567164957523346, 0.5617678165435791, 0.5619825124740601, 0.5159000754356384, 0.5124507546424866], [0.572350263595581, 0.6937556266784668, 0.7977284789085388, 0.8821577429771423, 1.0, 0.9107970595359802, 0.8225449919700623, 0.7536466717720032, 0.7112265229225159, 0.6619572639465332, 0.6729943752288818, 0.6478181481361389, 0.6274159550666809, 0.6256053447723389, 0.5792173743247986, 0.5688802003860474], [0.5141574740409851, 0.6289225816726685, 0.7360832095146179, 0.811033308506012, 0.9107970595359802, 1.0, 0.9142338037490845, 0.8449519276618958, 0.8056960105895996, 0.7531428337097168, 0.7535874843597412, 0.7173150181770325, 0.6791179180145264, 0.6671236157417297, 0.6139964461326599, 0.6017985343933105], [0.4632076621055603, 0.5593406558036804, 0.6610487103462219, 0.71220862865448, 0.8225449919700623, 0.9142338037490845, 1.0, 0.9256960153579712, 0.8697050213813782, 0.8167725205421448, 0.7995336055755615, 0.7581880688667297, 0.7050473093986511, 0.6731193661689758, 0.6162041425704956, 0.614880383014679], [0.42209485173225403, 0.5052040815353394, 0.5878540873527527, 0.6614344716072083, 0.7536466717720032, 0.8449519276618958, 0.9256960153579712, 1.0, 0.9475647807121277, 0.9127253293991089, 0.8712061643600464, 0.8326734900474548, 0.7648119926452637, 0.7477225661277771, 0.6958248615264893, 0.696563184261322], [0.39918822050094604, 0.4863399863243103, 0.5561463236808777, 0.6248433589935303, 0.7112265229225159, 0.8056960105895996, 0.8697050213813782, 0.9475647807121277, 1.0, 0.9416802525520325, 0.9132195115089417, 0.8748427033424377, 0.8091373443603516, 0.7587109208106995, 0.694857120513916, 0.6900023221969604], [0.362017959356308, 0.4408544898033142, 0.5011366605758667, 0.5764666795730591, 0.6619572639465332, 0.7531428337097168, 0.8167725205421448, 0.9127253293991089, 0.9416802525520325, 1.0, 0.9595986604690552, 0.9123573899269104, 0.8619093894958496, 0.8170150518417358, 0.7566983699798584, 0.7600247263908386], [0.37073972821235657, 0.462161660194397, 0.5219498872756958, 0.5831716656684875, 0.6729943752288818, 0.7535874843597412, 0.7995336055755615, 0.8712061643600464, 0.9132195115089417, 0.9595986604690552, 1.0, 0.9679995775222778, 0.9254839420318604, 0.8445323705673218, 0.788307249546051, 0.7904921174049377], [0.3570440709590912, 0.446052223443985, 0.49783840775489807, 0.567164957523346, 0.6478181481361389, 0.7173150181770325, 0.7581880688667297, 0.8326734900474548, 0.8748427033424377, 0.9123573899269104, 0.9679995775222778, 1.0, 0.9614952802658081, 0.8887933492660522, 0.8374143242835999, 0.8138066530227661], [0.3502819240093231, 0.4474685490131378, 0.5042760372161865, 0.5617678165435791, 0.6274159550666809, 0.6791179180145264, 0.7050473093986511, 0.7648119926452637, 0.8091373443603516, 0.8619093894958496, 0.9254839420318604, 0.9614952802658081, 1.0, 0.9335610270500183, 0.8844367861747742, 0.8280657529830933], [0.3393455743789673, 0.42732009291648865, 0.49037402868270874, 0.5619825124740601, 0.6256053447723389, 0.6671236157417297, 0.6731193661689758, 0.7477225661277771, 0.7587109208106995, 0.8170150518417358, 0.8445323705673218, 0.8887933492660522, 0.9335610270500183, 1.0, 0.9766920804977417, 0.9005785584449768], [0.3097960650920868, 0.39013537764549255, 0.4482975900173187, 0.5159000754356384, 0.5792173743247986, 0.6139964461326599, 0.6162041425704956, 0.6958248615264893, 0.694857120513916, 0.7566983699798584, 0.788307249546051, 0.8374143242835999, 0.8844367861747742, 0.9766920804977417, 1.0, 0.9305145740509033], [0.314547061920166, 0.3761749267578125, 0.4372914135456085, 0.5124507546424866, 0.5688802003860474, 0.6017985343933105, 0.614880383014679, 0.696563184261322, 0.6900023221969604, 0.7600247263908386, 0.7904921174049377, 0.8138066530227661, 0.8280657529830933, 0.9005785584449768, 0.9305145740509033, 1.0]], "cosine": [[1.0, 0.030052674934267998, -0.004316899925470352, -0.010585417039692402, 0.01633811928331852, 0.012051692232489586, 0.0064526936039328575, -0.03868609666824341, 0.027964623644948006, 0.023820683360099792, -0.026024946942925453, -0.014084646478295326, -0.0044677359983325005, 0.013519380241632462, 0.005126632750034332, -0.001560396165587008], [0.030052674934267998, 1.0, 0.04319196194410324, 0.030496511608362198, -0.011536759324371815, 0.03842288255691528, 0.009846135973930359, 0.008213057182729244, -0.026144957169890404, 0.02320663444697857, 0.009183217771351337, 0.0018895737593993545, 0.03598770499229431, -0.018574083223938942, 0.013124356046319008, 0.01920258440077305], [-0.004316899925470352, 0.04319196194410324, 1.0, 0.008418523706495762, -0.006108385976403952, 0.002422457095235586, 0.007565890438854694, 0.00432678684592247, -0.0029743944760411978, -0.0012426321627572179, 0.0012650813441723585, -0.013490728102624416, 0.024053674191236496, -0.00022305332822725177, -0.0032336905132979155, 0.01875743828713894], [-0.010585417039692402, 0.030496511608362198, 0.008418523706495762, 1.0, -0.004939511884003878, 0.021829931065440178, -0.024986565113067627, 0.0011037314543500543, -0.02737092226743698, -0.008096159435808659, 0.018582452088594437, 0.015386218205094337, 0.0031069933902472258, -0.019075918942689896, -0.029183434322476387, 0.003817560151219368], [0.01633811928331852, -0.011536759324371815, -0.006108385976403952, -0.004939511884003878, 1.0, -0.009387264959514141, -0.014896288514137268, 0.01251241471618414, -0.0025279056280851364, -0.007554209791123867, 0.007120603695511818, -0.010271252132952213, -0.016295384615659714, 0.03346721827983856, 0.0137508325278759, -0.0021468964405357838], [0.012051692232489586, 0.03842288255691528, 0.002422457095235586, 0.021829931065440178, -0.009387264959514141, 1.0, 0.006607995368540287, -0.023066136986017227, -0.01777009852230549, 0.024997366592288017, 0.008130108937621117, -0.004448776599019766, 0.027680126950144768, -0.024524124339222908, 0.03523825481534004, 0.009704171679913998], [0.0064526936039328575, 0.009846135973930359, 0.007565890438854694, -0.024986565113067627, -0.014896288514137268, 0.006607995368540287, 1.0, -0.013865884393453598, -0.04656221717596054, 0.033591631799936295, -0.019663961604237556, 0.008976035751402378, 0.02815689705312252, -0.02227323316037655, 0.008146305568516254, 0.004705557134002447], [-0.03868609666824341, 0.008213057182729244, 0.00432678684592247, 0.0011037314543500543, 0.01251241471618414, -0.023066136986017227, -0.013865884393453598, 1.0, 0.023516099900007248, -0.06401452422142029, 0.014074436388909817, 0.006682020612061024, 0.0283651202917099, -0.012495147064328194, -0.019608568400144577, -0.02969779632985592], [0.027964623644948006, -0.026144957169890404, -0.0029743944760411978, -0.02737092226743698, -0.0025279056280851364, -0.01777009852230549, -0.04656221717596054, 0.023516099900007248, 1.0, 0.013117974624037743, -0.005950483027845621, -0.018947741016745567, -0.040309417992830276, -0.021310878917574883, 0.013585194014012814, -0.016187554225325584], [0.023820683360099792, 0.02320663444697857, -0.0012426321627572179, -0.008096159435808659, -0.007554209791123867, 0.024997366592288017, 0.033591631799936295, -0.06401452422142029, 0.013117974624037743, 1.0, 0.02332412637770176, 0.007316135335713625, 0.03075435943901539, -0.022222457453608513, -0.0163612999022007, 0.04318295046687126], [-0.026024946942925453, 0.009183217771351337, 0.0012650813441723585, 0.018582452088594437, 0.007120603695511818, 0.008130108937621117, -0.019663961604237556, 0.014074436388909817, -0.005950483027845621, 0.02332412637770176, 1.0, -0.010064586065709591, 0.05560695007443428, -0.002337498590350151, -0.018865274265408516, 0.029170842841267586], [-0.014084646478295326, 0.0018895737593993545, -0.013490728102624416, 0.015386218205094337, -0.010271252132952213, -0.004448776599019766, 0.008976035751402378, 0.006682020612061024, -0.018947741016745567, 0.007316135335713625, -0.010064586065709591, 1.0, 0.011157757602632046, -0.0008892423356883228, -0.03822827711701393, -0.09911346435546875], [-0.0044677359983325005, 0.03598770499229431, 0.024053674191236496, 0.0031069933902472258, -0.016295384615659714, 0.027680126950144768, 0.02815689705312252, 0.0283651202917099, -0.040309417992830276, 0.03075435943901539, 0.05560695007443428, 0.011157757602632046, 1.0, 0.011748818680644035, 0.005920937284827232, -0.027095407247543335], [0.013519380241632462, -0.018574083223938942, -0.00022305332822725177, -0.019075918942689896, 0.03346721827983856, -0.024524124339222908, -0.02227323316037655, -0.012495147064328194, -0.021310878917574883, -0.022222457453608513, -0.002337498590350151, -0.0008892423356883228, 0.011748818680644035, 1.0, -0.0032874583266675472, -0.07167477160692215], [0.005126632750034332, 0.013124356046319008, -0.0032336905132979155, -0.029183434322476387, 0.0137508325278759, 0.03523825481534004, 0.008146305568516254, -0.019608568400144577, 0.013585194014012814, -0.0163612999022007, -0.018865274265408516, -0.03822827711701393, 0.005920937284827232, -0.0032874583266675472, 1.0, 0.027810240164399147], [-0.001560396165587008, 0.01920258440077305, 0.01875743828713894, 0.003817560151219368, -0.0021468964405357838, 0.009704171679913998, 0.004705557134002447, -0.02969779632985592, -0.016187554225325584, 0.04318295046687126, 0.029170842841267586, -0.09911346435546875, -0.027095407247543335, -0.07167477160692215, 0.027810240164399147, 1.0]], "procrustes": [[1.0, 0.8378048539161682, 0.7503393888473511, 0.6950905919075012, 0.639858603477478, 0.6003587245941162, 0.5704367756843567, 0.5435861945152283, 0.5177218914031982, 0.489610880613327, 0.4810566008090973, 0.4690837562084198, 0.4610646069049835, 0.4542718827724457, 0.43729716539382935, 0.433276891708374], [0.8378048539161682, 1.0, 0.8795369863510132, 0.8062260150909424, 0.7429534792900085, 0.698983371257782, 0.6629452705383301, 0.6311178207397461, 0.6037872433662415, 0.5706822872161865, 0.5621989369392395, 0.548031210899353, 0.541161298751831, 0.5328485369682312, 0.5132099390029907, 0.5041229724884033], [0.7503393888473511, 0.8795369863510132, 1.0, 0.9069260954856873, 0.828209638595581, 0.7806246280670166, 0.7418383359909058, 0.7059579491615295, 0.6739516854286194, 0.6363540887832642, 0.6269394755363464, 0.6079871654510498, 0.6035143136978149, 0.5961217880249023, 0.5738974213600159, 0.5657385587692261], [0.6950905919075012, 0.8062260150909424, 0.9069260954856873, 1.0, 0.9058021903038025, 0.8557263612747192, 0.8101598024368286, 0.7779881954193115, 0.7449091076850891, 0.7069377899169922, 0.6942698359489441, 0.6766771078109741, 0.6672974228858948, 0.6626613140106201, 0.6365918517112732, 0.6297202706336975], [0.639858603477478, 0.7429534792900085, 0.828209638595581, 0.9058021903038025, 1.0, 0.93807452917099, 0.8941605091094971, 0.8571988940238953, 0.8237387537956238, 0.7862045764923096, 0.7761644721031189, 0.7556294202804565, 0.740917980670929, 0.7351366281509399, 0.7079845070838928, 0.6990221738815308], [0.6003587245941162, 0.698983371257782, 0.7806246280670166, 0.8557263612747192, 0.93807452917099, 1.0, 0.9549534320831299, 0.9208220839500427, 0.8887408375740051, 0.8510982990264893, 0.8391197323799133, 0.8174206018447876, 0.7973693013191223, 0.7878234386444092, 0.7576553225517273, 0.7467508912086487], [0.5704367756843567, 0.6629452705383301, 0.7418383359909058, 0.8101598024368286, 0.8941605091094971, 0.9549534320831299, 1.0, 0.9681767821311951, 0.9367300271987915, 0.8999230265617371, 0.886141836643219, 0.8615623712539673, 0.8387112617492676, 0.8251444101333618, 0.7971432209014893, 0.7883319854736328], [0.5435861945152283, 0.6311178207397461, 0.7059579491615295, 0.7779881954193115, 0.8571988940238953, 0.9208220839500427, 0.9681767821311951, 1.0, 0.9719306826591492, 0.9444522261619568, 0.9226269721984863, 0.8997587561607361, 0.8730345964431763, 0.8627640604972839, 0.8373395800590515, 0.8297865390777588], [0.5177218914031982, 0.6037872433662415, 0.6739516854286194, 0.7449091076850891, 0.8237387537956238, 0.8887408375740051, 0.9367300271987915, 0.9719306826591492, 1.0, 0.9708223342895508, 0.9551745653152466, 0.9319704174995422, 0.9061791896820068, 0.8883336782455444, 0.8615389466285706, 0.8557060360908508], [0.489610880613327, 0.5706822872161865, 0.6363540887832642, 0.7069377899169922, 0.7862045764923096, 0.8510982990264893, 0.8999230265617371, 0.9444522261619568, 0.9708223342895508, 1.0, 0.9829750657081604, 0.9602276086807251, 0.9406455159187317, 0.922810971736908, 0.8966371417045593, 0.8933830857276917], [0.4810566008090973, 0.5621989369392395, 0.6269394755363464, 0.6942698359489441, 0.7761644721031189, 0.8391197323799133, 0.886141836643219, 0.9226269721984863, 0.9551745653152466, 0.9829750657081604, 1.0, 0.9828184247016907, 0.9665934443473816, 0.941882848739624, 0.9172773361206055, 0.9145004749298096], [0.4690837562084198, 0.548031210899353, 0.6079871654510498, 0.6766771078109741, 0.7556294202804565, 0.8174206018447876, 0.8615623712539673, 0.8997587561607361, 0.9319704174995422, 0.9602276086807251, 0.9828184247016907, 1.0, 0.9834679961204529, 0.9613203406333923, 0.9394298791885376, 0.9307121634483337], [0.4610646069049835, 0.541161298751831, 0.6035143136978149, 0.6672974228858948, 0.740917980670929, 0.7973693013191223, 0.8387112617492676, 0.8730345964431763, 0.9061791896820068, 0.9406455159187317, 0.9665934443473816, 0.9834679961204529, 1.0, 0.9790079593658447, 0.9588203430175781, 0.9435498714447021], [0.4542718827724457, 0.5328485369682312, 0.5961217880249023, 0.6626613140106201, 0.7351366281509399, 0.7878234386444092, 0.8251444101333618, 0.8627640604972839, 0.8883336782455444, 0.922810971736908, 0.941882848739624, 0.9613203406333923, 0.9790079593658447, 1.0, 0.9881895184516907, 0.9665460586547852], [0.43729716539382935, 0.5132099390029907, 0.5738974213600159, 0.6365918517112732, 0.7079845070838928, 0.7576553225517273, 0.7971432209014893, 0.8373395800590515, 0.8615389466285706, 0.8966371417045593, 0.9172773361206055, 0.9394298791885376, 0.9588203430175781, 0.9881895184516907, 1.0, 0.9789233803749084], [0.433276891708374, 0.5041229724884033, 0.5657385587692261, 0.6297202706336975, 0.6990221738815308, 0.7467508912086487, 0.7883319854736328, 0.8297865390777588, 0.8557060360908508, 0.8933830857276917, 0.9145004749298096, 0.9307121634483337, 0.9435498714447021, 0.9665460586547852, 0.9789233803749084, 1.0]], "pc1_variance": [0.10568158328533173, 0.14006365835666656, 0.14532150328159332, 0.13911359012126923, 0.15975704789161682, 0.17882724106311798, 0.20720472931861877, 0.20608721673488617, 0.2356201559305191, 0.26114514470100403, 0.31278204917907715, 0.3131446838378906, 0.3602997362613678, 0.34840109944343567, 0.37462520599365234, 0.36881399154663086], "probe_accuracy_per_layer": null}, "cka_trained_vs_init_per_layer": [0.5572416186332703, 0.29741400480270386, 0.20374347269535065, 0.1677825003862381, 0.12840533256530762, 0.0866345465183258, 0.08958276361227036, 0.09951086342334747, 0.07792086154222488, 0.08178494870662689, 0.08156778663396835, 0.08123844116926193, 0.07506533712148666, 0.06550867110490799, 0.055809661746025085, 0.063906729221344], "runtime_sec": 18.559330224990845}