{"config": {"input_dim": 784, "num_classes": 10, "depth": 4, "width": 128, "init_scale": 1.0, "nonlinearity": "relu"}, "dataset": "mnist", "seed": 1, "epochs": 8, "shuffle_labels": false, "test_accuracy": 0.981, "history": {"train_loss": [0.5902922779826795, 0.20469414777422357, 0.14296684489916947, 0.11282564822773812, 0.08958484087202509, 0.07490707075191756, 0.06592785526003878, 0.06070187934121843], "val_acc": [0.9426, 0.9686, 0.9724, 0.976, 0.9746, 0.981, 0.9812, 0.981], "param_delta_ratio": 0.7593486413607405, "n_params": 151306}, "trained": {"cka": [[1.0, 0.8958452939987183, 0.7843406200408936, 0.7119093537330627], [0.8958452939987183, 1.0, 0.9541364908218384, 0.8971870541572571], [0.7843406200408936, 0.9541364908218384, 1.0, 0.9784301519393921], [0.7119093537330627, 0.8971870541572571, 0.9784301519393921, 1.0]], "cosine": [[1.0, 0.024344366043806076, 0.0038283925969153643, 0.015562404878437519], [0.024344366043806076, 1.0, 0.03319438919425011, 0.05875318497419357], [0.0038283925969153643, 0.03319438919425011, 1.0, 0.02517605759203434], [0.015562404878437519, 0.05875318497419357, 0.02517605759203434, 1.0]], "procrustes": [[1.0, 0.925737738609314, 0.8409073948860168, 0.7827346920967102], [0.925737738609314, 1.0, 0.9586051106452942, 0.9176426529884338], [0.8409073948860168, 0.9586051106452942, 1.0, 0.9807277321815491], [0.7827346920967102, 0.9176426529884338, 0.9807277321815491, 1.0]], "pc1_variance": [0.17881934344768524, 0.20083695650100708, 0.23502510786056519, 0.2799379527568817], "probe_accuracy_per_layer": [0.9460000395774841, 0.9530000686645508, 0.9600000381469727, 0.9595000743865967]}, "init": {"cka": [[1.0, 0.828619658946991, 0.731340229511261, 0.6582456827163696], [0.828619658946991, 1.0, 0.8517193794250488, 0.7523464560508728], [0.731340229511261, 0.8517193794250488, 1.0, 0.8851990699768066], [0.6582456827163696, 0.7523464560508728, 0.8851990699768066, 1.0]], "cosine": [[1.0, 0.03185124695301056, 0.00707598403096199, 0.03036820888519287], [0.03185124695301056, 1.0, 0.04534604027867317, -0.0029321513138711452], [0.00707598403096199, 0.04534604027867317, 1.0, 0.02309218980371952], [0.03036820888519287, -0.0029321513138711452, 0.02309218980371952, 1.0]], "procrustes": [[1.0, 0.8524507284164429, 0.7574927806854248, 0.6939668655395508], [0.8524507284164429, 1.0, 0.8684834241867065, 0.7865198850631714], [0.7574927806854248, 0.8684834241867065, 1.0, 0.8974559307098389], [0.6939668655395508, 0.7865198850631714, 0.8974559307098389, 1.0]], "pc1_variance": [0.10794007778167725, 0.11967939138412476, 0.14656223356723785, 0.16784517467021942], "probe_accuracy_per_layer": null}, "cka_trained_vs_init_per_layer": [0.633308470249176, 0.4269227683544159, 0.36634862422943115, 0.29787400364875793], "runtime_sec": 2.8372445106506348}