{"config": {"input_dim": 784, "num_classes": 10, "depth": 8, "width": 128, "init_scale": 1.0, "nonlinearity": "relu"}, "dataset": "mnist", "seed": 2, "epochs": 8, "shuffle_labels": false, "test_accuracy": 0.9772, "history": {"train_loss": [1.005792983255144, 0.2900792267489231, 0.18921370564375894, 0.14045680497409935, 0.11152458569761049, 0.08855060011274733, 0.07380690861303928, 0.06642824307210364], "val_acc": [0.9152, 0.9514, 0.9636, 0.9696, 0.9714, 0.976, 0.9766, 0.9772], "param_delta_ratio": 0.6019312562102561, "n_params": 217354}, "trained": {"cka": [[1.0, 0.8690395355224609, 0.7667574286460876, 0.7340327501296997, 0.7152483463287354, 0.6837892532348633, 0.6624452471733093, 0.6513222455978394], [0.8690395355224609, 1.0, 0.9603080153465271, 0.9291219711303711, 0.9103149175643921, 0.8595074415206909, 0.8045098185539246, 0.7710942625999451], [0.7667574286460876, 0.9603080153465271, 1.0, 0.9894338846206665, 0.9760890007019043, 0.9341917037963867, 0.8701977729797363, 0.8264185786247253], [0.7340327501296997, 0.9291219711303711, 0.9894338846206665, 1.0, 0.9945523142814636, 0.9666270017623901, 0.9128561615943909, 0.8698557615280151], [0.7152483463287354, 0.9103149175643921, 0.9760890007019043, 0.9945523142814636, 1.0, 0.982005774974823, 0.9345973134040833, 0.8921074271202087], [0.6837892532348633, 0.8595074415206909, 0.9341917037963867, 0.9666270017623901, 0.982005774974823, 1.0, 0.9787639379501343, 0.9444478154182434], [0.6624452471733093, 0.8045098185539246, 0.8701977729797363, 0.9128561615943909, 0.9345973134040833, 0.9787639379501343, 1.0, 0.9844147562980652], [0.6513222455978394, 0.7710942625999451, 0.8264185786247253, 0.8698557615280151, 0.8921074271202087, 0.9444478154182434, 0.9844147562980652, 1.0]], "cosine": [[1.0, 0.0011568947229534388, 0.040447790175676346, 0.061634790152311325, 0.04235924035310745, 0.03627139329910278, 0.049736138433218, 0.03306954354047775], [0.0011568947229534388, 1.0, 0.1538684219121933, 0.10451330244541168, 0.09965687245130539, 0.12871573865413666, 0.12540610134601593, 0.02000485174357891], [0.040447790175676346, 0.1538684219121933, 1.0, 0.1365489959716797, 0.19166669249534607, 0.10965907573699951, 0.0963575690984726, 0.06506665050983429], [0.061634790152311325, 0.10451330244541168, 0.1365489959716797, 1.0, 0.1396317332983017, 0.0804256722331047, 0.09048223495483398, 0.04155070707201958], [0.04235924035310745, 0.09965687245130539, 0.19166669249534607, 0.1396317332983017, 1.0, 0.13529418408870697, 0.08862502872943878, 0.06310658901929855], [0.03627139329910278, 0.12871573865413666, 0.10965907573699951, 0.0804256722331047, 0.13529418408870697, 1.0, 0.1324601024389267, 0.10506664961576462], [0.049736138433218, 0.12540610134601593, 0.0963575690984726, 0.09048223495483398, 0.08862502872943878, 0.1324601024389267, 1.0, -0.0141401756554842], [0.03306954354047775, 0.02000485174357891, 0.06506665050983429, 0.04155070707201958, 0.06310658901929855, 0.10506664961576462, -0.0141401756554842, 1.0]], "procrustes": [[1.0, 0.9006304740905762, 0.7847813367843628, 0.7174102663993835, 0.6891903281211853, 0.6762640476226807, 0.6819870471954346, 0.685484766960144], [0.9006304740905762, 1.0, 0.9444030523300171, 0.895738422870636, 0.8728070259094238, 0.8554795384407043, 0.8480539917945862, 0.8373048901557922], [0.7847813367843628, 0.9444030523300171, 1.0, 0.9838125705718994, 0.971193790435791, 0.9564495086669922, 0.9388232827186584, 0.9155100584030151], [0.7174102663993835, 0.895738422870636, 0.9838125705718994, 1.0, 0.9951145052909851, 0.9846726655960083, 0.9655526876449585, 0.9366547465324402], [0.6891903281211853, 0.8728070259094238, 0.971193790435791, 0.9951145052909851, 1.0, 0.9930167198181152, 0.9739263653755188, 0.9434840679168701], [0.6762640476226807, 0.8554795384407043, 0.9564495086669922, 0.9846726655960083, 0.9930167198181152, 1.0, 0.9887513518333435, 0.9625504612922668], [0.6819870471954346, 0.8480539917945862, 0.9388232827186584, 0.9655526876449585, 0.9739263653755188, 0.9887513518333435, 1.0, 0.9867028594017029], [0.685484766960144, 0.8373048901557922, 0.9155100584030151, 0.9366547465324402, 0.9434840679168701, 0.9625504612922668, 0.9867028594017029, 1.0]], "pc1_variance": [0.16566866636276245, 0.2871685028076172, 0.3723299205303192, 0.3793778717517853, 0.38207608461380005, 0.3702414929866791, 0.32845377922058105, 0.3105787932872772], "probe_accuracy_per_layer": [0.9385000467300415, 0.9495000243186951, 0.9470000267028809, 0.9485000371932983, 0.95250004529953, 0.9535000324249268, 0.955500066280365, 0.956000030040741]}, "init": {"cka": [[1.0, 0.8385076522827148, 0.7427405118942261, 0.6507212519645691, 0.578376054763794, 0.5126050710678101, 0.459837406873703, 0.4367927610874176], [0.8385076522827148, 1.0, 0.8850458264350891, 0.793472945690155, 0.7123671174049377, 0.6356562376022339, 0.5662108659744263, 0.5301811695098877], [0.7427405118942261, 0.8850458264350891, 1.0, 0.8927537798881531, 0.8190258145332336, 0.7402498722076416, 0.6703822016716003, 0.6197900772094727], [0.6507212519645691, 0.793472945690155, 0.8927537798881531, 1.0, 0.9109112024307251, 0.8343066573143005, 0.7781018614768982, 0.7311829924583435], [0.578376054763794, 0.7123671174049377, 0.8190258145332336, 0.9109112024307251, 1.0, 0.9249408841133118, 0.8677030205726624, 0.8066516518592834], [0.5126050710678101, 0.6356562376022339, 0.7402498722076416, 0.8343066573143005, 0.9249408841133118, 1.0, 0.9433713555335999, 0.8948142528533936], [0.459837406873703, 0.5662108659744263, 0.6703822016716003, 0.7781018614768982, 0.8677030205726624, 0.9433713555335999, 1.0, 0.9507588744163513], [0.4367927610874176, 0.5301811695098877, 0.6197900772094727, 0.7311829924583435, 0.8066516518592834, 0.8948142528533936, 0.9507588744163513, 1.0]], "cosine": [[1.0, 0.00017546697927173227, 0.008066426031291485, -0.007080149836838245, 0.007255877368152142, 0.005661550909280777, -0.006728470325469971, -0.0014856432098895311], [0.00017546697927173227, 1.0, 0.036657001823186874, 0.018913334235548973, 0.019382964819669724, -0.012571772560477257, 0.04103826358914375, 0.006967081222683191], [0.008066426031291485, 0.036657001823186874, 1.0, 0.035076528787612915, 0.026534883305430412, 0.03926429525017738, -0.03180614113807678, 0.004774502478539944], [-0.007080149836838245, 0.018913334235548973, 0.035076528787612915, 1.0, -0.022143272683024406, -0.011241373606026173, 0.03347279131412506, 0.010591990314424038], [0.007255877368152142, 0.019382964819669724, 0.026534883305430412, -0.022143272683024406, 1.0, -0.0020212633535265923, -0.0024601358454674482, -0.009751609526574612], [0.005661550909280777, -0.012571772560477257, 0.03926429525017738, -0.011241373606026173, -0.0020212633535265923, 1.0, 0.011087085120379925, -0.016918251290917397], [-0.006728470325469971, 0.04103826358914375, -0.03180614113807678, 0.03347279131412506, -0.0024601358454674482, 0.011087085120379925, 1.0, -0.02841689996421337], [-0.0014856432098895311, 0.006967081222683191, 0.004774502478539944, 0.010591990314424038, -0.009751609526574612, -0.016918251290917397, -0.02841689996421337, 1.0]], "procrustes": [[1.0, 0.8404293060302734, 0.7484421730041504, 0.66801917552948, 0.6164159178733826, 0.5785880088806152, 0.5451405048370361, 0.5261723399162292], [0.8404293060302734, 1.0, 0.8745630979537964, 0.7809419631958008, 0.7238036394119263, 0.6790502071380615, 0.641261100769043, 0.618028461933136], [0.7484421730041504, 0.8745630979537964, 1.0, 0.8873963952064514, 0.8267097473144531, 0.7795991897583008, 0.7407454252243042, 0.7114355564117432], [0.66801917552948, 0.7809419631958008, 0.8873963952064514, 1.0, 0.9237731099128723, 0.8708991408348083, 0.8326174020767212, 0.8032158017158508], [0.6164159178733826, 0.7238036394119263, 0.8267097473144531, 0.9237731099128723, 1.0, 0.9478698968887329, 0.9078601002693176, 0.8745518922805786], [0.5785880088806152, 0.6790502071380615, 0.7795991897583008, 0.8708991408348083, 0.9478698968887329, 1.0, 0.9596637487411499, 0.930379331111908], [0.5451405048370361, 0.641261100769043, 0.7407454252243042, 0.8326174020767212, 0.9078601002693176, 0.9596637487411499, 1.0, 0.9700397849082947], [0.5261723399162292, 0.618028461933136, 0.7114355564117432, 0.8032158017158508, 0.8745518922805786, 0.930379331111908, 0.9700397849082947, 1.0]], "pc1_variance": [0.11500848084688187, 0.1605004221200943, 0.1954643279314041, 0.19961272180080414, 0.22561487555503845, 0.29433074593544006, 0.3188150227069855, 0.3145739734172821], "probe_accuracy_per_layer": null}, "cka_trained_vs_init_per_layer": [0.6202407479286194, 0.3445170819759369, 0.2502087950706482, 0.20745165646076202, 0.185043066740036, 0.16863536834716797, 0.16589614748954773, 0.1618005782365799], "runtime_sec": 6.173927545547485}