{"config": {"input_dim": 784, "num_classes": 10, "depth": 4, "width": 512, "init_scale": 1.0, "nonlinearity": "relu"}, "dataset": "mnist", "seed": 0, "epochs": 8, "shuffle_labels": false, "test_accuracy": 0.9906, "history": {"train_loss": [0.3749666116121462, 0.1076694012509059, 0.068980796278407, 0.04703754930109796, 0.027273182725628554, 0.014211660833097994, 0.007798573204959443, 0.005447143212284388], "val_acc": [0.9656, 0.9652, 0.9802, 0.9852, 0.987, 0.9904, 0.9906, 0.9906], "param_delta_ratio": 0.5939997492408119, "n_params": 1195018}, "trained": {"cka": [[1.0, 0.8569888472557068, 0.6994783878326416, 0.6405737400054932], [0.8569888472557068, 1.0, 0.9419599175453186, 0.8937827348709106], [0.6994783878326416, 0.9419599175453186, 1.0, 0.9870712161064148], [0.6405737400054932, 0.8937827348709106, 0.9870712161064148, 1.0]], "cosine": [[1.0, 0.019605739042162895, 0.012809804640710354, 0.013853621669113636], [0.019605739042162895, 1.0, 0.023485243320465088, 0.024055911228060722], [0.012809804640710354, 0.023485243320465088, 1.0, 0.02445170469582081], [0.013853621669113636, 0.024055911228060722, 0.02445170469582081, 1.0]], "procrustes": [[1.0, 0.8753207921981812, 0.7358576655387878, 0.667569637298584], [0.8753207921981812, 1.0, 0.9386448264122009, 0.8896697759628296], [0.7358576655387878, 0.9386448264122009, 1.0, 0.9843518733978271], [0.667569637298584, 0.8896697759628296, 0.9843518733978271, 1.0]], "pc1_variance": [0.11766449362039566, 0.17204351723194122, 0.21873903274536133, 0.24812611937522888], "probe_accuracy_per_layer": [0.9590000510215759, 0.968500018119812, 0.9725000262260437, 0.9745000600814819]}, "init": {"cka": [[1.0, 0.9293965101242065, 0.8648005723953247, 0.8097071051597595], [0.9293965101242065, 1.0, 0.9360043406486511, 0.8800478577613831], [0.8648005723953247, 0.9360043406486511, 1.0, 0.9394969344139099], [0.8097071051597595, 0.8800478577613831, 0.9394969344139099, 1.0]], "cosine": [[1.0, 0.020613012835383415, 0.013229119591414928, 0.03094593435525894], [0.020613012835383415, 1.0, 0.014503090642392635, 0.015961062163114548], [0.013229119591414928, 0.014503090642392635, 1.0, 0.03146006539463997], [0.03094593435525894, 0.015961062163114548, 0.03146006539463997, 1.0]], "procrustes": [[1.0, 0.8921307921409607, 0.824192225933075, 0.7731269598007202], [0.8921307921409607, 1.0, 0.8968651294708252, 0.8300692439079285], [0.824192225933075, 0.8968651294708252, 1.0, 0.9035434722900391], [0.7731269598007202, 0.8300692439079285, 0.9035434722900391, 1.0]], "pc1_variance": [0.1013726145029068, 0.11320428550243378, 0.12345101684331894, 0.1261749565601349], "probe_accuracy_per_layer": null}, "cka_trained_vs_init_per_layer": [0.8237256407737732, 0.5481137037277222, 0.38735952973365784, 0.31697508692741394], "runtime_sec": 3.449431896209717}