{"config": {"input_dim": 784, "num_classes": 10, "depth": 8, "width": 128, "init_scale": 1.0, "nonlinearity": "relu"}, "dataset": "mnist", "seed": 0, "epochs": 8, "shuffle_labels": false, "test_accuracy": 0.9788, "history": {"train_loss": [0.9563719865124104, 0.2958450127961272, 0.18442851159784754, 0.1368128169896239, 0.10796287251731097, 0.08495001021330639, 0.07298472945152198, 0.06518395903315079], "val_acc": [0.9076, 0.952, 0.9642, 0.9724, 0.9754, 0.9768, 0.9774, 0.9788], "param_delta_ratio": 0.5702861277625979, "n_params": 217354}, "trained": {"cka": [[1.0, 0.8972408771514893, 0.7937086820602417, 0.7517902255058289, 0.7251231670379639, 0.6925206184387207, 0.6610963344573975, 0.6349559426307678], [0.8972408771514893, 1.0, 0.9544066190719604, 0.9228649139404297, 0.8985739946365356, 0.8628767132759094, 0.8135356307029724, 0.7732804417610168], [0.7937086820602417, 0.9544066190719604, 1.0, 0.9883295893669128, 0.9708366990089417, 0.9472807049751282, 0.9063902497291565, 0.8673859238624573], [0.7517902255058289, 0.9228649139404297, 0.9883295893669128, 1.0, 0.9892898201942444, 0.972747266292572, 0.9381821751594543, 0.8982892632484436], [0.7251231670379639, 0.8985739946365356, 0.9708366990089417, 0.9892898201942444, 1.0, 0.9906366467475891, 0.9620617032051086, 0.9292936325073242], [0.6925206184387207, 0.8628767132759094, 0.9472807049751282, 0.972747266292572, 0.9906366467475891, 1.0, 0.980774462223053, 0.9514701962471008], [0.6610963344573975, 0.8135356307029724, 0.9063902497291565, 0.9381821751594543, 0.9620617032051086, 0.980774462223053, 1.0, 0.9872750639915466], [0.6349559426307678, 0.7732804417610168, 0.8673859238624573, 0.8982892632484436, 0.9292936325073242, 0.9514701962471008, 0.9872750639915466, 1.0]], "cosine": [[1.0, 0.05702284350991249, 0.03754756227135658, 0.07190695405006409, 0.04556449502706528, 0.065338134765625, 0.026142273098230362, 0.028490817174315453], [0.05702284350991249, 1.0, 0.11552327871322632, 0.11495668441057205, 0.15533079206943512, 0.12674680352210999, 0.10690436512231827, 0.0223440732806921], [0.03754756227135658, 0.11552327871322632, 1.0, 0.14499206840991974, 0.11551706492900848, 0.05956730991601944, 0.1177407056093216, 0.08440349996089935], [0.07190695405006409, 0.11495668441057205, 0.14499206840991974, 1.0, 0.15227057039737701, 0.14756374061107635, 0.10409665107727051, 0.0840023085474968], [0.04556449502706528, 0.15533079206943512, 0.11551706492900848, 0.15227057039737701, 1.0, 0.10859357565641403, 0.13712096214294434, 0.05224218592047691], [0.065338134765625, 0.12674680352210999, 0.05956730991601944, 0.14756374061107635, 0.10859357565641403, 1.0, 0.14831078052520752, 0.016560252755880356], [0.026142273098230362, 0.10690436512231827, 0.1177407056093216, 0.10409665107727051, 0.13712096214294434, 0.14831078052520752, 1.0, 0.02740851417183876], [0.028490817174315453, 0.0223440732806921, 0.08440349996089935, 0.0840023085474968, 0.05224218592047691, 0.016560252755880356, 0.02740851417183876, 1.0]], "procrustes": [[1.0, 0.9184180498123169, 0.8125389814376831, 0.7504275441169739, 0.7244000434875488, 0.7135627865791321, 0.7146194577217102, 0.7089012861251831], [0.9184180498123169, 1.0, 0.9481176733970642, 0.9047351479530334, 0.8832595944404602, 0.8703891038894653, 0.859401285648346, 0.841062068939209], [0.8125389814376831, 0.9481176733970642, 1.0, 0.9856705069541931, 0.9732206463813782, 0.9630230665206909, 0.9452129006385803, 0.9190115332603455], [0.7504275441169739, 0.9047351479530334, 0.9856705069541931, 1.0, 0.9938932657241821, 0.9864476323127747, 0.965941846370697, 0.936462938785553], [0.7244000434875488, 0.8832595944404602, 0.9732206463813782, 0.9938932657241821, 1.0, 0.9950252175331116, 0.9756494164466858, 0.9481585621833801], [0.7135627865791321, 0.8703891038894653, 0.9630230665206909, 0.9864476323127747, 0.9950252175331116, 1.0, 0.9863850474357605, 0.962668776512146], [0.7146194577217102, 0.859401285648346, 0.9452129006385803, 0.965941846370697, 0.9756494164466858, 0.9863850474357605, 1.0, 0.9891104102134705], [0.7089012861251831, 0.841062068939209, 0.9190115332603455, 0.936462938785553, 0.9481585621833801, 0.962668776512146, 0.9891104102134705, 1.0]], "pc1_variance": [0.17874538898468018, 0.2594711482524872, 0.29526838660240173, 0.2970064878463745, 0.2994043827056885, 0.31465771794319153, 0.3177245557308197, 0.3211032450199127], "probe_accuracy_per_layer": [0.940500020980835, 0.9535000324249268, 0.9570000171661377, 0.9575000405311584, 0.9550000429153442, 0.9595000743865967, 0.9600000381469727, 0.9625000357627869]}, "init": {"cka": [[1.0, 0.8259772658348083, 0.7159063816070557, 0.6328449845314026, 0.572350263595581, 0.5141574740409851, 0.4632076621055603, 0.42209485173225403], [0.8259772658348083, 1.0, 0.8677642941474915, 0.7525800466537476, 0.6937556266784668, 0.6289225816726685, 0.5593406558036804, 0.5052040815353394], [0.7159063816070557, 0.8677642941474915, 1.0, 0.88004070520401, 0.7977284789085388, 0.7360832095146179, 0.6610487103462219, 0.5878540873527527], [0.6328449845314026, 0.7525800466537476, 0.88004070520401, 1.0, 0.8821577429771423, 0.811033308506012, 0.71220862865448, 0.6614344716072083], [0.572350263595581, 0.6937556266784668, 0.7977284789085388, 0.8821577429771423, 1.0, 0.9107970595359802, 0.8225449919700623, 0.7536466717720032], [0.5141574740409851, 0.6289225816726685, 0.7360832095146179, 0.811033308506012, 0.9107970595359802, 1.0, 0.9142338037490845, 0.8449519276618958], [0.4632076621055603, 0.5593406558036804, 0.6610487103462219, 0.71220862865448, 0.8225449919700623, 0.9142338037490845, 1.0, 0.9256960153579712], [0.42209485173225403, 0.5052040815353394, 0.5878540873527527, 0.6614344716072083, 0.7536466717720032, 0.8449519276618958, 0.9256960153579712, 1.0]], "cosine": [[1.0, 0.030052674934267998, -0.004316899925470352, -0.010585417039692402, 0.01633811928331852, 0.012051692232489586, 0.0064526936039328575, -0.03868609666824341], [0.030052674934267998, 1.0, 0.04319196194410324, 0.030496511608362198, -0.011536759324371815, 0.03842288255691528, 0.009846135973930359, 0.008213057182729244], [-0.004316899925470352, 0.04319196194410324, 1.0, 0.008418523706495762, -0.006108385976403952, 0.002422457095235586, 0.007565890438854694, 0.00432678684592247], [-0.010585417039692402, 0.030496511608362198, 0.008418523706495762, 1.0, -0.004939511884003878, 0.021829931065440178, -0.024986565113067627, 0.0011037314543500543], [0.01633811928331852, -0.011536759324371815, -0.006108385976403952, -0.004939511884003878, 1.0, -0.009387264959514141, -0.014896288514137268, 0.01251241471618414], [0.012051692232489586, 0.03842288255691528, 0.002422457095235586, 0.021829931065440178, -0.009387264959514141, 1.0, 0.006607995368540287, -0.023066136986017227], [0.0064526936039328575, 0.009846135973930359, 0.007565890438854694, -0.024986565113067627, -0.014896288514137268, 0.006607995368540287, 1.0, -0.013865884393453598], [-0.03868609666824341, 0.008213057182729244, 0.00432678684592247, 0.0011037314543500543, 0.01251241471618414, -0.023066136986017227, -0.013865884393453598, 1.0]], "procrustes": [[1.0, 0.8378048539161682, 0.7503393888473511, 0.6950905919075012, 0.639858603477478, 0.6003587245941162, 0.5704367756843567, 0.5435861945152283], [0.8378048539161682, 1.0, 0.8795369863510132, 0.8062260150909424, 0.7429534792900085, 0.698983371257782, 0.6629452705383301, 0.6311178207397461], [0.7503393888473511, 0.8795369863510132, 1.0, 0.9069260954856873, 0.828209638595581, 0.7806246280670166, 0.7418383359909058, 0.7059579491615295], [0.6950905919075012, 0.8062260150909424, 0.9069260954856873, 1.0, 0.9058021903038025, 0.8557263612747192, 0.8101598024368286, 0.7779881954193115], [0.639858603477478, 0.7429534792900085, 0.828209638595581, 0.9058021903038025, 1.0, 0.93807452917099, 0.8941605091094971, 0.8571988940238953], [0.6003587245941162, 0.698983371257782, 0.7806246280670166, 0.8557263612747192, 0.93807452917099, 1.0, 0.9549534320831299, 0.9208220839500427], [0.5704367756843567, 0.6629452705383301, 0.7418383359909058, 0.8101598024368286, 0.8941605091094971, 0.9549534320831299, 1.0, 0.9681767821311951], [0.5435861945152283, 0.6311178207397461, 0.7059579491615295, 0.7779881954193115, 0.8571988940238953, 0.9208220839500427, 0.9681767821311951, 1.0]], "pc1_variance": [0.10568158328533173, 0.14006365835666656, 0.14532150328159332, 0.13911359012126923, 0.15975704789161682, 0.17882724106311798, 0.20720472931861877, 0.20608721673488617], "probe_accuracy_per_layer": null}, "cka_trained_vs_init_per_layer": [0.6798546314239502, 0.4053693115711212, 0.29364973306655884, 0.23330745100975037, 0.18912915885448456, 0.14900968968868256, 0.1342233419418335, 0.1302926391363144], "runtime_sec": 5.71479058265686}